xof 0303txt 0032
template XSkinMeshHeader {
 <3cf169ce-ff7c-44ab-93c0-f78f62d172e2>
 WORD nMaxSkinWeightsPerVertex;
 WORD nMaxSkinWeightsPerFace;
 WORD nBones;
}

template VertexDuplicationIndices {
 <b8d65549-d7c9-4995-89cf-53a9a8b031e3>
 DWORD nIndices;
 DWORD nOriginalVertices;
 array DWORD indices[nIndices];
}

template SkinWeights {
 <6f0d123b-bad2-4167-a0d0-80224f25fabb>
 STRING transformNodeName;
 DWORD nWeights;
 array DWORD vertexIndices[nWeights];
 array FLOAT weights[nWeights];
 Matrix4x4 matrixOffset;
}

template AnimTicksPerSecond {
 <9e415a43-7ba6-4a73-8743-b73d47e88476>
 DWORD AnimTicksPerSecond;
}

template VertexElement {
 <f752461c-1e23-48f6-b9f8-8350850f336f>
 DWORD Type;
 DWORD Method;
 DWORD Usage;
 DWORD UsageIndex;
}

template DeclData {
 <bf22e553-292c-4781-9fea-62bd554bdd93>
 DWORD nElements;
 array VertexElement Elements[nElements];
 DWORD nDWords;
 array DWORD data[nDWords];
}


AnimTicksPerSecond {
 4800;
}

Frame Dummy01 {
 

 FrameTransformMatrix {
  0.812372,0.000000,0.000000,0.000000,0.000000,0.000000,-0.812372,0.000000,0.000000,0.812372,0.000000,0.000000,-0.000989,-0.000395,0.000125,1.000000;;
 }

 Frame Bip01 {
  

  FrameTransformMatrix {
   0.179676,0.259554,-0.948867,0.000000,-0.063210,0.965617,0.252166,0.000000,0.981693,0.014670,0.189904,0.000000,-0.040476,-0.012353,0.026365,1.000000;;
  }

  Frame Bip01_Pelvis {
   

   FrameTransformMatrix {
    -0.000000,1.000000,-0.000001,0.000000,0.087154,0.000001,0.996195,0.000000,0.996195,0.000000,-0.087154,0.000000,0.000000,0.000000,0.000000,1.000000;;
   }

   Frame Bip01_Spine {
    

    FrameTransformMatrix {
     0.995911,-0.079818,-0.042316,0.000000,0.075512,0.992599,-0.095107,0.000000,0.049594,0.091522,0.994567,0.000000,0.051629,-0.000008,-0.000084,1.000000;;
    }

    Frame Bip01_Spine1 {
     

     FrameTransformMatrix {
      0.994377,0.105255,-0.011647,0.000000,-0.096544,0.855846,-0.508141,0.000000,-0.043516,0.506408,0.861195,0.000000,0.106484,-0.000043,-0.000073,1.000000;;
     }

     Frame Bip01_Neck {
      

      FrameTransformMatrix {
       0.968675,0.173466,0.177703,0.000000,-0.207958,0.957745,0.198691,0.000000,-0.135728,-0.229422,0.963817,0.000000,0.130508,0.000006,0.004626,1.000000;;
      }

      Frame Bip01_Head {
       

       FrameTransformMatrix {
        0.670194,-0.147195,-0.727443,0.000000,0.223442,0.974679,0.008635,0.000000,0.707752,-0.168329,0.686114,0.000000,0.033674,0.000000,0.000000,1.000000;;
       }

       Frame Bip01_HeadNub {
        

        FrameTransformMatrix {
         1.000000,0.000000,0.000000,0.000000,0.000000,1.000000,-0.000000,0.000000,0.000000,-0.000000,1.000000,0.000000,0.169824,-0.000000,0.000000,1.000000;;
        }
       }
      }

      Frame Bip01_L_Clavicle {
       

       FrameTransformMatrix {
        0.173465,0.957744,-0.229424,0.000000,0.968533,-0.208117,-0.136495,0.000000,-0.178475,-0.198528,-0.963708,0.000000,-0.021373,0.019122,-0.004801,1.000000;;
       }

       Frame Bip01_L_UpperArm {
        

        FrameTransformMatrix {
         0.714031,-0.470007,-0.518896,0.000000,0.074551,0.787989,-0.611160,0.000000,0.696133,0.397703,0.597688,0.000000,0.087086,-0.000000,-0.000000,1.000000;;
        }

        Frame Bip01_L_Forearm {
         

         FrameTransformMatrix {
          0.105859,0.000000,-0.994381,0.000000,-0.000000,1.000000,0.000000,0.000000,0.994381,-0.000000,0.105859,0.000000,0.137062,0.000000,0.000000,1.000000;;
         }

         Frame Bip01_L_Hand {
          

          FrameTransformMatrix {
           -0.082522,0.846531,-0.525905,0.000000,0.023001,0.529182,0.848196,0.000000,0.996324,0.057899,-0.063141,0.000000,0.137062,0.000000,-0.000000,1.000000;;
          }

          Frame Bip01_L_Finger0 {
           

           FrameTransformMatrix {
            0.829256,-0.514255,0.218807,0.000000,0.558537,0.749101,-0.356210,0.000000,0.019274,0.417601,0.908427,0.000000,0.057681,-0.023605,-0.000272,1.000000;;
           }

           Frame Bip01_L_Finger0Nub {
            

            FrameTransformMatrix {
             1.000000,0.000000,0.000000,0.000000,-0.000000,1.000000,0.000000,0.000000,-0.000000,0.000000,1.000000,0.000000,0.029435,-0.000000,0.000000,1.000000;;
            }
           }
          }

          Frame Bip01_L_Finger1 {
           

           FrameTransformMatrix {
            0.989590,-0.000115,0.143914,0.000000,0.000000,1.000000,0.000796,0.000000,-0.143914,-0.000788,0.989590,0.000000,0.084102,-0.000000,-0.000000,1.000000;;
           }

           Frame Bip01_L_Finger1Nub {
            

            FrameTransformMatrix {
             1.000000,0.000000,-0.000000,0.000000,0.000000,1.000000,-0.000000,0.000000,0.000000,-0.000000,1.000000,0.000000,0.047988,0.000000,-0.000000,1.000000;;
            }
           }
          }
         }
        }
       }
      }

      Frame Bip01_R_Clavicle {
       

       FrameTransformMatrix {
        0.331701,-0.940981,0.067299,0.000000,-0.928779,-0.313228,0.198137,0.000000,-0.165363,-0.128228,-0.977861,0.000000,-0.026825,-0.010979,0.002409,1.000000;;
       }

       Frame Bip01_R_UpperArm {
        

        FrameTransformMatrix {
         0.964366,-0.196580,-0.177070,0.000000,-0.036621,0.563649,-0.825202,0.000000,0.262023,0.802282,0.536365,0.000000,0.087086,0.000000,0.000000,1.000000;;
        }

        Frame Bip01_R_Forearm {
         

         FrameTransformMatrix {
          0.353213,-0.000000,-0.935543,0.000000,0.000000,1.000000,-0.000000,0.000000,0.935543,0.000000,0.353213,0.000000,0.137062,0.000000,0.000000,1.000000;;
         }

         Frame Bip01_R_Hand {
          

          FrameTransformMatrix {
           0.955362,-0.214517,0.203141,0.000000,0.264487,0.314628,-0.911623,0.000000,0.131644,0.924658,0.357321,0.000000,0.137062,0.000000,-0.000000,1.000000;;
          }

          Frame Bip01_R_Finger0 {
           

           FrameTransformMatrix {
            0.179011,0.174103,0.968320,0.000000,-0.675095,0.737690,-0.007833,0.000000,-0.715684,-0.652305,0.249591,0.000000,0.057681,0.023605,-0.000272,1.000000;;
           }

           Frame Bip01_R_Finger0Nub {
            

            FrameTransformMatrix {
             -1.000000,0.000000,0.000000,0.000000,0.000000,1.000000,-0.000000,0.000000,0.000000,-0.000000,-1.000000,0.000000,0.029435,0.000000,0.000000,1.000000;;
            }
           }
          }

          Frame Bip01_R_Finger1 {
           

           FrameTransformMatrix {
            0.785053,0.000493,0.619428,0.000000,0.000000,1.000000,-0.000796,0.000000,-0.619428,0.000625,0.785053,0.000000,0.084102,0.000000,0.000000,1.000000;;
           }

           Frame Bip01_R_Finger1Nub {
            

            FrameTransformMatrix {
             -1.000000,0.000000,-0.000000,0.000000,-0.000000,1.000000,-0.000000,0.000000,0.000000,-0.000000,-1.000000,0.000000,0.047988,-0.000000,0.000000,1.000000;;
            }
           }
          }
         }
        }
       }
      }
     }

     Frame Bip01_BackPack {
      

      FrameTransformMatrix {
       0.035097,-0.075887,-0.996499,0.000000,0.053820,0.995809,-0.073939,0.000000,0.997934,-0.051036,0.039035,0.000000,0.051182,0.000002,-0.091273,1.000000;;
      }

      Frame Bip01_BackPackNub {
       

       FrameTransformMatrix {
        0.000796,0.000003,1.000000,0.000000,0.000000,-1.000000,0.000003,0.000000,1.000000,-0.000000,-0.000796,0.000000,0.053240,-0.000000,0.000000,1.000000;;
       }
      }
     }
    }

    Frame Bip01_L_Thigh {
     

     FrameTransformMatrix {
      -0.986682,0.030625,-0.159752,0.000000,-0.053698,-0.988383,0.142184,0.000000,-0.153541,0.148869,0.976864,0.000000,-0.055830,0.050918,0.002579,1.000000;;
     }

     Frame Bip01_L_Calf {
      

      FrameTransformMatrix {
       0.961851,0.000000,-0.273575,0.000000,0.000000,1.000000,0.000000,0.000000,0.273575,0.000000,0.961851,0.000000,0.237500,0.000000,-0.000000,1.000000;;
      }

      Frame Bip01_L_Foot {
       

       FrameTransformMatrix {
        0.914502,0.015893,-0.404270,0.000000,0.014791,0.997247,0.072663,0.000000,0.404311,-0.072430,0.911749,0.000000,0.206841,-0.000000,-0.000000,1.000000;;
       }

       Frame Bip01_L_Toe0 {
        

        FrameTransformMatrix {
         -0.000001,0.311380,0.950286,0.000000,0.000000,0.950286,-0.311380,0.000000,-1.000000,0.000000,-0.000001,0.000000,0.065373,-0.000000,0.066450,1.000000;;
        }

        Frame Bip01_L_Toe0Nub {
         

         FrameTransformMatrix {
          -1.000000,0.000000,0.000000,0.000000,-0.000000,1.000000,-0.000000,0.000000,-0.000000,-0.000000,-1.000000,0.000000,0.006735,0.000000,0.000000,1.000000;;
         }
        }
       }
      }
     }
    }

    Frame Bip01_R_Thigh {
     

     FrameTransformMatrix {
      -0.971461,0.015078,-0.236718,0.000000,-0.002204,-0.998508,-0.054556,0.000000,-0.237187,-0.052477,0.970045,0.000000,-0.047014,-0.058716,-0.007530,1.000000;;
     }

     Frame Bip01_R_Calf {
      

      FrameTransformMatrix {
       0.982838,0.000000,-0.184470,0.000000,-0.000000,1.000000,0.000000,0.000000,0.184470,-0.000000,0.982838,0.000000,0.237500,0.000000,0.000000,1.000000;;
      }

      Frame Bip01_R_Foot {
       

       FrameTransformMatrix {
        0.894908,0.309566,-0.321418,0.000000,-0.211068,0.928229,0.306336,0.000000,0.393180,-0.206302,0.896018,0.000000,0.206841,0.000000,-0.000000,1.000000;;
       }

       Frame Bip01_R_Toe0 {
        

        FrameTransformMatrix {
         0.080993,0.265762,0.960630,0.000000,0.178859,0.944276,-0.276318,0.000000,-0.980535,0.194197,0.028946,0.000000,0.065373,0.000000,0.066450,1.000000;;
        }

        Frame Bip01_R_Toe0Nub {
         

         FrameTransformMatrix {
          1.000000,0.000000,0.000000,0.000000,0.000000,1.000000,-0.000000,0.000000,0.000000,-0.000000,1.000000,0.000000,0.006735,0.000000,0.000000,1.000000;;
         }
        }
       }
      }
     }
    }
   }

   Frame Bip01_DressFront {
    

    FrameTransformMatrix {
     -0.979091,0.023836,-0.202023,0.000000,0.020237,0.999598,0.019862,0.000000,0.202416,0.015358,-0.979179,0.000000,-0.040817,0.001641,0.045534,1.000000;;
    }

    Frame Bip01_DressFront02 {
     

     FrameTransformMatrix {
      0.991509,0.079394,0.102984,0.000000,-0.077172,0.996694,-0.025392,0.000000,-0.104660,0.017229,0.994359,0.000000,0.183338,-0.000002,-0.000131,1.000000;;
     }

     Frame Bip01_DressFrontNub {
      

      FrameTransformMatrix {
       0.000796,0.000003,1.000000,0.000000,0.000000,-1.000000,0.000003,0.000000,1.000000,-0.000000,-0.000796,0.000000,0.165302,0.000000,0.000000,1.000000;;
      }
     }
    }
   }

   Frame Bip01_DressBack {
    

    FrameTransformMatrix {
     -0.998775,-0.025095,-0.042662,0.000000,-0.020871,0.995094,-0.096709,0.000000,0.044879,-0.095700,-0.994398,0.000000,-0.047739,0.000014,-0.078280,1.000000;;
    }

    Frame Bip01_DressBack02 {
     

     FrameTransformMatrix {
      0.944348,0.187631,0.270189,0.000000,-0.180434,0.982240,-0.051466,0.000000,-0.275047,-0.000149,0.961431,0.000000,0.176189,0.000000,-0.000105,1.000000;;
     }

     Frame Bip01_DressBackNub {
      

      FrameTransformMatrix {
       0.000796,0.000003,1.000000,0.000000,-0.000000,-1.000000,0.000003,0.000000,1.000000,-0.000000,-0.000796,0.000000,0.136509,0.000000,0.000000,1.000000;;
      }
     }
    }
   }
  }

  Frame Bip01_Prop1 {
   

   FrameTransformMatrix {
    0.422404,-0.045727,-0.905253,0.000000,0.725946,-0.580963,0.368083,0.000000,-0.542750,-0.812645,-0.212206,0.000000,0.129765,0.513544,-0.081586,1.000000;;
   }
  }

  Frame Bip01_Prop2 {
   

   FrameTransformMatrix {
    1.000000,0.000000,-0.000000,0.000000,0.000000,1.000000,-0.000000,0.000000,-0.000000,0.000000,1.000000,0.000000,0.074027,0.138316,0.173076,1.000000;;
   }
  }
 }
}

Frame Translation_Data {
 

 FrameTransformMatrix {
  0.812372,0.000000,0.000000,0.000000,0.000000,0.000000,-0.812372,0.000000,0.000000,0.812372,0.000000,0.000000,-0.000989,-0.000395,0.000125,1.000000;;
 }
}

Frame Body {
 

 FrameTransformMatrix {
  0.812372,0.000000,0.000000,0.000000,0.000000,0.812372,0.000000,0.000000,0.000000,0.000000,0.812372,0.000000,-0.000989,-0.000395,0.000125,1.000000;;
 }

 Mesh Body {
  617;
  0.005400;0.129281;-0.241626;,
  -0.035363;0.118834;-0.260068;,
  -0.018719;0.100964;-0.236860;,
  0.017683;0.126791;-0.221725;,
  0.022395;0.123290;-0.202036;,
  0.000583;0.083107;-0.211815;,
  0.012912;0.067850;-0.183610;,
  0.025144;0.111665;-0.171758;,
  -0.060037;0.152521;-0.266806;,
  -0.027622;0.168899;-0.249483;,
  -0.037433;0.192979;-0.230554;,
  -0.065504;0.178126;-0.236350;,
  0.035611;0.084857;-0.028478;,
  -0.007425;0.102685;-0.016130;,
  -0.008089;0.100949;-0.029505;,
  0.027466;0.084828;-0.039548;,
  0.028378;0.030954;-0.055400;,
  0.041223;0.042207;-0.024116;,
  0.004613;-0.003138;-0.058151;,
  0.004018;-0.008204;-0.000919;,
  0.031665;0.006551;-0.008229;,
  -0.028645;0.055958;-0.221516;,
  -0.026224;0.032638;-0.191305;,
  -0.048892;0.096912;-0.010501;,
  -0.050370;0.094786;-0.025478;,
  -0.041101;0.143859;-0.111430;,
  -0.087816;0.125378;-0.113391;,
  -0.103509;0.138321;-0.147823;,
  -0.055520;0.166537;-0.144331;,
  0.032586;-0.013310;0.042586;,
  0.051842;-0.022493;0.140766;,
  0.077644;0.017170;0.144823;,
  0.054589;0.031784;0.048379;,
  0.063532;-0.036314;0.235129;,
  0.075036;0.015178;0.238737;,
  -0.018073;-0.008642;0.049807;,
  -0.030753;0.076071;0.088820;,
  -0.021215;0.056338;0.159847;,
  -0.001265;-0.016034;0.148203;,
  0.011259;0.032215;0.243753;,
  0.023475;-0.008231;0.243006;,
  0.035813;0.080966;0.077318;,
  0.055680;0.077416;0.153952;,
  0.049090;0.046600;0.238620;,
  0.062127;0.079064;0.498525;,
  0.023130;0.057602;0.505125;,
  0.007357;0.096847;0.480746;,
  0.038755;0.111498;0.476929;,
  0.058995;-0.009988;0.293810;,
  0.060125;-0.002501;0.367522;,
  0.077134;0.034769;0.365993;,
  0.078002;0.028076;0.291585;,
  0.063490;0.008779;0.450474;,
  0.071029;0.041104;0.443987;,
  0.012646;-0.001284;0.313315;,
  -0.005934;0.048049;0.295211;,
  0.005742;0.047970;0.360036;,
  0.023656;0.010514;0.370542;,
  0.032081;0.046969;0.432065;,
  0.038277;0.026306;0.453965;,
  0.060639;0.073600;0.283193;,
  0.063773;0.069931;0.357583;,
  0.054529;0.054708;0.425583;,
  0.048628;0.040550;0.004854;,
  -0.035146;-0.025942;0.004972;,
  -0.034274;-0.021174;0.041887;,
  -0.018073;-0.008642;0.049807;,
  0.045605;0.091673;0.023849;,
  -0.006268;0.109120;0.033164;,
  0.037616;0.082616;0.067675;,
  -0.009330;0.093998;0.072017;,
  -0.026420;0.118137;-0.072351;,
  -0.006275;0.142366;-0.114446;,
  0.010150;0.135202;-0.124310;,
  0.026238;0.090366;-0.145851;,
  0.017873;0.061170;-0.101200;,
  0.010309;0.106418;-0.081790;,
  0.011478;0.046206;-0.157515;,
  0.005896;0.027226;-0.107238;,
  -0.039217;0.015218;-0.163470;,
  -0.036991;0.005991;-0.103943;,
  0.042877;0.132688;-0.226496;,
  0.010746;0.140527;-0.184048;,
  0.091166;0.131299;-0.211291;,
  0.065593;0.133735;-0.157162;,
  0.109705;0.144749;-0.144902;,
  0.131954;0.141417;-0.187886;,
  0.025855;0.199267;-0.178288;,
  0.072231;0.199472;-0.156853;,
  0.065593;0.133735;-0.157162;,
  0.131761;0.181901;-0.133689;,
  0.109705;0.144749;-0.144902;,
  0.029486;0.206557;-0.186168;,
  0.049904;0.198245;-0.225263;,
  0.097595;0.197141;-0.211213;,
  0.154137;0.178478;-0.176425;,
  0.048341;0.161291;-0.233439;,
  0.121948;0.127815;-0.196141;,
  0.094321;0.130181;-0.145827;,
  0.104546;0.070396;-0.144046;,
  0.121654;0.071390;-0.176507;,
  0.114098;0.024394;-0.137461;,
  0.125219;0.024756;-0.158335;,
  0.094321;0.130181;-0.145827;,
  0.147906;0.146036;-0.116529;,
  0.157055;0.082448;-0.124774;,
  0.104546;0.070396;-0.144046;,
  0.152065;0.028803;-0.130186;,
  0.114098;0.024394;-0.137461;,
  0.175260;0.143726;-0.166630;,
  0.169835;0.083438;-0.149869;,
  0.158111;0.030542;-0.141748;,
  0.098910;0.016365;-0.267090;,
  0.096728;0.000268;-0.252256;,
  0.142501;-0.010290;-0.241670;,
  0.144122;0.005683;-0.256278;,
  0.078741;0.010193;-0.214684;,
  0.085223;0.012264;-0.223600;,
  0.086083;0.023159;-0.222328;,
  0.074399;0.020944;-0.213394;,
  0.151340;-0.004627;-0.168551;,
  0.152062;0.003367;-0.205040;,
  0.102690;0.019207;-0.195203;,
  0.102218;0.002150;-0.164909;,
  0.158052;0.032552;-0.170567;,
  0.154226;0.020866;-0.214377;,
  0.106920;0.040680;-0.165930;,
  0.106912;0.036457;-0.204210;,
  -0.005888;0.188812;-0.246278;,
  0.016450;0.171746;-0.256416;,
  -0.027622;0.168899;-0.249483;,
  -0.012030;0.149398;-0.254615;,
  -0.016808;0.174808;-0.148897;,
  -0.035356;0.137892;-0.266737;,
  0.027067;0.147998;-0.246492;,
  0.005400;0.129281;-0.241626;,
  0.017683;0.126791;-0.221725;,
  0.024429;0.141191;-0.217945;,
  -0.020335;0.197410;-0.186625;,
  -0.064755;0.178799;-0.179467;,
  -0.015875;0.197894;-0.191722;,
  -0.110281;0.142896;-0.183557;,
  -0.096943;0.143137;-0.242114;,
  -0.037433;0.192979;-0.230554;,
  -0.015875;0.197894;-0.191722;,
  0.006116;0.142991;-0.188131;,
  -0.009215;0.188565;-0.186399;,
  0.010746;0.140527;-0.184048;,
  0.002681;0.150965;-0.155754;,
  0.016223;0.120387;-0.164350;,
  0.022395;0.123290;-0.202036;,
  -0.001923;0.166672;-0.152793;,
  0.102218;0.002150;-0.164909;,
  -0.047704;0.155588;-0.276341;,
  -0.030548;0.144339;-0.284891;,
  -0.085136;0.138410;-0.272699;,
  -0.074211;0.151408;-0.278767;,
  0.106912;0.036457;-0.204210;,
  0.098910;0.016365;-0.267090;,
  0.144122;0.005683;-0.256278;,
  0.083564;0.002850;-0.196767;,
  0.081067;0.028628;-0.196274;,
  0.083564;0.002850;-0.196767;,
  0.095574;0.009240;-0.208243;,
  0.102062;0.032329;-0.202713;,
  0.102062;0.032329;-0.202713;,
  0.078741;0.010193;-0.214684;,
  0.074399;0.020944;-0.213394;,
  0.086083;0.023159;-0.222328;,
  0.102916;0.012652;0.516898;,
  0.090080;-0.027848;0.541558;,
  0.092048;-0.023695;0.561005;,
  0.108315;0.020101;0.538491;,
  0.012597;0.070805;0.457559;,
  0.007357;0.096847;0.480746;,
  0.023130;0.057602;0.505125;,
  0.026035;0.042871;0.484983;,
  0.032081;0.046969;0.432065;,
  0.054529;0.054708;0.425583;,
  0.050480;0.086610;0.450483;,
  0.062127;0.079064;0.498525;,
  0.038755;0.111498;0.476929;,
  0.068496;0.060564;0.469443;,
  0.063490;0.008779;0.450474;,
  0.071029;0.041104;0.443987;,
  0.056261;-0.030625;0.559832;,
  0.060605;-0.030116;0.542165;,
  0.108315;0.020101;0.538491;,
  0.056261;-0.030625;0.559832;,
  -0.001265;-0.016034;0.148203;,
  0.023475;-0.008231;0.243006;,
  0.012646;-0.001284;0.313315;,
  0.023656;0.010514;0.370542;,
  0.038277;0.026306;0.453965;,
  0.038277;0.026306;0.453965;,
  -0.038199;0.024215;0.066953;,
  -0.016322;0.144283;-0.302242;,
  -0.017146;0.130024;-0.318258;,
  -0.023220;0.121354;-0.314521;,
  -0.029826;0.127530;-0.293849;,
  -0.036694;0.165371;-0.291361;,
  -0.053127;0.177761;-0.278753;,
  -0.085589;0.239359;-0.380271;,
  -0.104749;0.234291;-0.384224;,
  -0.092568;0.213752;-0.402139;,
  -0.035811;0.173756;-0.388439;,
  -0.051464;0.198117;-0.395092;,
  -0.048616;0.162728;-0.395306;,
  -0.022460;0.170389;-0.311612;,
  -0.018127;0.147648;-0.330297;,
  -0.024271;0.156144;-0.300004;,
  -0.038822;0.205802;-0.313042;,
  -0.035494;0.205297;-0.337347;,
  -0.047440;0.232226;-0.360080;,
  -0.046689;0.216067;-0.382849;,
  -0.030055;0.189457;-0.358841;,
  -0.065546;0.223764;-0.288146;,
  -0.047144;0.214035;-0.300987;,
  -0.103909;0.211440;-0.282481;,
  -0.116954;0.244533;-0.316604;,
  -0.084082;0.253635;-0.321559;,
  -0.021916;0.171847;-0.347046;,
  -0.026236;0.152140;-0.366290;,
  -0.019063;0.130301;-0.338642;,
  -0.019932;0.099444;-0.338471;,
  -0.033350;0.084252;-0.346816;,
  -0.038701;0.090885;-0.327469;,
  -0.064841;0.215129;-0.397087;,
  -0.064554;0.240034;-0.373170;,
  -0.064216;0.250835;-0.335360;,
  -0.079863;0.255296;-0.352598;,
  -0.115784;0.249551;-0.351909;,
  -0.098985;0.254532;-0.351267;,
  -0.086950;0.175948;-0.274303;,
  -0.064216;0.250835;-0.335360;,
  -0.079863;0.255296;-0.352598;,
  -0.017665;0.175106;-0.312873;,
  -0.023073;0.208809;-0.309172;,
  -0.031933;0.218611;-0.325873;,
  -0.030217;0.198473;-0.322072;,
  -0.023073;0.208809;-0.309172;,
  -0.017665;0.175106;-0.312873;,
  -0.031933;0.218611;-0.325873;,
  -0.035494;0.205297;-0.337347;,
  -0.024531;0.183388;-0.331585;,
  -0.022460;0.170389;-0.311612;,
  -0.034362;0.169904;-0.376956;,
  -0.024531;0.183388;-0.331585;,
  -0.035356;0.137892;-0.266737;,
  -0.030548;0.144339;-0.284891;,
  -0.012030;0.149398;-0.254615;,
  -0.036694;0.165371;-0.291361;,
  -0.043672;0.084419;-0.261146;,
  -0.037737;0.072238;-0.241196;,
  -0.037784;-0.012795;-0.054982;,
  -0.047838;0.103759;0.037213;,
  -0.045394;0.092219;0.069423;,
  -0.052594;0.074288;0.082662;,
  -0.042863;0.093244;-0.302813;,
  -0.038199;0.024215;0.066953;,
  -0.098985;0.254532;-0.351267;,
  -0.115784;0.249551;-0.351909;,
  -0.029073;0.123099;-0.357981;,
  -0.041873;0.135376;-0.375509;,
  -0.038201;0.127582;-0.371151;,
  -0.085697;0.201367;-0.408413;,
  -0.074198;0.178700;-0.409575;,
  -0.049938;0.158173;-0.383182;,
  -0.070461;0.104669;-0.070580;,
  -0.012030;0.149398;-0.254615;,
  0.092048;-0.023695;0.561005;,
  -0.027329;0.117613;-0.354727;,
  -0.031441;0.109860;-0.360583;,
  -0.034344;0.115047;-0.359697;,
  -0.048164;0.122443;-0.388507;,
  -0.047794;0.119159;-0.376268;,
  -0.034599;0.116257;-0.365792;,
  -0.044691;0.109878;-0.361377;,
  -0.040624;0.102179;-0.363317;,
  -0.061420;0.151701;-0.402174;,
  -0.059181;0.145609;-0.394344;,
  -0.009215;0.188565;-0.186399;,
  -0.043727;0.109786;-0.370172;,
  -0.008060;0.153906;-0.185092;,
  0.006116;0.142991;-0.188131;,
  0.022395;0.123290;-0.202036;,
  -0.047144;0.214035;-0.300987;,
  0.058995;-0.009988;0.293810;,
  0.018946;-0.031735;0.280957;,
  0.035246;-0.020802;0.356054;,
  0.060125;-0.002501;0.367522;,
  0.063532;-0.036314;0.235129;,
  0.019143;-0.043466;0.227137;,
  0.051842;-0.022493;0.140766;,
  -0.002696;-0.035065;0.135661;,
  0.032586;-0.013310;0.042586;,
  -0.013883;-0.030980;0.047586;,
  0.004018;-0.008204;-0.000919;,
  0.043185;-0.017474;0.428069;,
  0.063490;0.008779;0.450474;,
  0.003047;0.073889;0.367393;,
  0.009954;0.080444;0.436858;,
  -0.005764;0.095502;0.445469;,
  -0.016372;0.086625;0.373440;,
  -0.023156;0.071012;0.307370;,
  -0.006827;0.062638;0.295960;,
  -0.031749;0.065472;0.249145;,
  -0.006142;0.057766;0.247256;,
  -0.027520;0.069786;0.161673;,
  -0.042710;0.076737;0.161167;,
  -0.044552;0.087818;0.096783;,
  -0.008060;0.153906;-0.185092;,
  -0.095670;0.053246;-0.280179;,
  -0.105019;0.033394;-0.266022;,
  -0.068947;0.058871;-0.248474;,
  -0.077969;0.083853;-0.270171;,
  -0.104264;0.016250;-0.235030;,
  -0.120365;0.013606;-0.193028;,
  -0.073781;0.009427;-0.196282;,
  -0.061181;0.031345;-0.226097;,
  -0.104236;0.116606;-0.277416;,
  -0.136234;0.118850;-0.252705;,
  -0.153882;0.096183;-0.258914;,
  -0.120095;0.097558;-0.278941;,
  -0.130024;0.067107;-0.022271;,
  -0.124050;0.065161;-0.032370;,
  -0.093009;0.089926;-0.025482;,
  -0.090942;0.093735;-0.013001;,
  -0.112659;0.012647;-0.048719;,
  -0.126145;0.024271;-0.017844;,
  -0.081347;-0.014295;-0.054079;,
  -0.107297;-0.009046;-0.002554;,
  -0.077504;-0.016940;0.002136;,
  -0.050370;0.094786;-0.025478;,
  -0.048892;0.096912;-0.010501;,
  -0.131020;0.099678;-0.116068;,
  -0.147001;0.104887;-0.157703;,
  -0.103509;0.138321;-0.147823;,
  -0.087816;0.125378;-0.113391;,
  -0.085358;-0.024728;0.050381;,
  -0.124557;0.006258;0.059220;,
  -0.117059;-0.006530;0.159749;,
  -0.075674;-0.028138;0.151045;,
  -0.097409;0.005372;0.250944;,
  -0.062013;-0.033516;0.244256;,
  -0.040112;0.006825;0.046803;,
  -0.033165;0.004891;0.146638;,
  -0.051721;0.078355;0.152110;,
  -0.054809;0.073494;0.089722;,
  -0.041362;0.011650;0.244296;,
  -0.051711;0.052748;0.243181;,
  -0.128112;0.057228;0.162591;,
  -0.126103;0.062161;0.082827;,
  -0.091768;0.045554;0.246049;,
  -0.090506;0.060575;0.506675;,
  -0.104213;0.098573;0.485869;,
  -0.073866;0.115537;0.488389;,
  -0.050078;0.079732;0.511530;,
  -0.060659;-0.005767;0.300511;,
  -0.096365;0.017172;0.304244;,
  -0.084836;0.026369;0.377487;,
  -0.051344;0.003066;0.373492;,
  -0.067585;0.036024;0.452460;,
  -0.041994;0.015451;0.456061;,
  -0.022401;0.026120;0.311645;,
  -0.026721;0.032959;0.370551;,
  -0.032669;0.073855;0.359314;,
  -0.035263;0.077258;0.293584;,
  -0.035826;0.049441;0.459515;,
  -0.042533;0.064780;0.435983;,
  -0.093047;0.063060;0.369001;,
  -0.106465;0.064809;0.295693;,
  -0.064894;0.056919;0.432922;,
  -0.130867;0.021314;0.011580;,
  -0.040112;0.006825;0.046803;,
  -0.089784;0.100170;0.036293;,
  -0.137334;0.072069;0.030705;,
  -0.086081;0.089769;0.072065;,
  -0.128103;0.063765;0.073392;,
  -0.113402;0.087971;-0.071362;,
  -0.150902;0.071305;-0.121906;,
  -0.154317;0.054393;-0.132793;,
  -0.135277;0.055928;-0.080134;,
  -0.113757;0.015520;-0.099704;,
  -0.127047;0.015052;-0.153758;,
  -0.083712;-0.003851;-0.106219;,
  -0.082487;0.000038;-0.162362;,
  -0.133375;0.079219;-0.339208;,
  -0.163251;0.067731;-0.378456;,
  -0.111238;0.034288;-0.319542;,
  -0.193201;0.045176;-0.408848;,
  -0.174270;0.001377;-0.399929;,
  -0.140108;0.013191;-0.369528;,
  -0.162923;0.015380;-0.293406;,
  -0.140108;0.013191;-0.369528;,
  -0.191781;-0.002644;-0.331519;,
  -0.174270;0.001377;-0.399929;,
  -0.217401;-0.016833;-0.388177;,
  -0.171716;0.021461;-0.289648;,
  -0.214888;0.052081;-0.340178;,
  -0.185058;0.062557;-0.301793;,
  -0.236344;0.026758;-0.397254;,
  -0.158589;0.079338;-0.323070;,
  -0.179474;0.053620;-0.416125;,
  -0.147174;0.042656;-0.465175;,
  -0.131013;0.009909;-0.461453;,
  -0.155663;0.002224;-0.406540;,
  -0.123205;0.033065;-0.508349;,
  -0.115225;0.008089;-0.501771;,
  -0.155663;0.002224;-0.406540;,
  -0.131013;0.009909;-0.461453;,
  -0.180545;-0.008349;-0.483523;,
  -0.207717;-0.026513;-0.427964;,
  -0.115225;0.008089;-0.501771;,
  -0.150475;0.000705;-0.517066;,
  -0.192791;0.016912;-0.485973;,
  -0.231386;0.024628;-0.437390;,
  -0.153517;0.016650;-0.523579;,
  -0.069670;0.011070;-0.625239;,
  -0.117097;0.006453;-0.623160;,
  -0.120650;-0.003901;-0.604417;,
  -0.072743;0.000649;-0.606112;,
  -0.076721;-0.004000;-0.559614;,
  -0.066999;0.001031;-0.563649;,
  -0.076186;0.001782;-0.575322;,
  -0.081707;-0.005753;-0.569507;,
  -0.139881;-0.006311;-0.549334;,
  -0.092993;0.000425;-0.534226;,
  -0.088144;0.022765;-0.560423;,
  -0.133511;0.008259;-0.583142;,
  -0.134650;0.027145;-0.589478;,
  -0.148015;0.030496;-0.546113;,
  -0.099446;0.038407;-0.529384;,
  -0.091343;0.041313;-0.566922;,
  -0.134833;0.098794;-0.308874;,
  -0.119234;0.077209;-0.322119;,
  -0.101643;0.082296;-0.290222;,
  -0.120095;0.097558;-0.278941;,
  -0.167377;0.073339;-0.170906;,
  -0.094413;0.090242;-0.281031;,
  -0.110254;0.055118;-0.312498;,
  -0.119589;0.046429;-0.302418;,
  -0.105019;0.033394;-0.266022;,
  -0.095670;0.053246;-0.280179;,
  -0.170885;0.066002;-0.225021;,
  -0.170625;0.063509;-0.231494;,
  -0.151963;0.105714;-0.199632;,
  -0.110281;0.142896;-0.183557;,
  -0.096943;0.143137;-0.242114;,
  -0.153882;0.096183;-0.258914;,
  -0.170625;0.063509;-0.231494;,
  -0.126618;0.033879;-0.228531;,
  -0.111238;0.034288;-0.319542;,
  -0.164887;0.056648;-0.232762;,
  -0.126664;0.024096;-0.185237;,
  -0.151322;0.047183;-0.178265;,
  -0.104264;0.016250;-0.235030;,
  -0.164515;0.057101;-0.176560;,
  -0.092993;0.000425;-0.534226;,
  -0.092129;0.114715;-0.299890;,
  -0.093262;0.133672;-0.287438;,
  -0.074211;0.151408;-0.278767;,
  -0.085136;0.138410;-0.272699;,
  -0.091343;0.041313;-0.566922;,
  -0.069670;0.011070;-0.625239;,
  -0.117097;0.006453;-0.623160;,
  -0.066610;0.020052;-0.557762;,
  -0.083171;0.006031;-0.543615;,
  -0.083171;0.006031;-0.543615;,
  -0.090517;0.007636;-0.559748;,
  -0.082397;0.027684;-0.571492;,
  -0.082397;0.027684;-0.571492;,
  -0.066999;0.001031;-0.563649;,
  -0.076721;-0.004000;-0.559614;,
  -0.076186;0.001782;-0.575322;,
  -0.059504;-0.011359;0.523295;,
  -0.067709;-0.011514;0.545285;,
  -0.021659;-0.023921;0.565658;,
  -0.018029;-0.024645;0.546021;,
  -0.056834;0.096220;0.464304;,
  -0.040731;0.068888;0.490886;,
  -0.050078;0.079732;0.511530;,
  -0.073866;0.115537;0.488389;,
  -0.042533;0.064780;0.435983;,
  -0.092042;0.074675;0.458721;,
  -0.064894;0.056919;0.432922;,
  -0.090506;0.060575;0.506675;,
  -0.080523;0.044763;0.477028;,
  -0.104213;0.098573;0.485869;,
  -0.041994;0.015451;0.456061;,
  -0.067585;0.036024;0.452460;,
  0.000999;-0.002014;0.545873;,
  0.004747;0.001132;0.563402;,
  0.004747;0.001132;0.563402;,
  -0.067709;-0.011514;0.545285;,
  -0.033165;0.004891;0.146638;,
  -0.041362;0.011650;0.244296;,
  -0.022401;0.026120;0.311645;,
  -0.026721;0.032959;0.370551;,
  -0.035826;0.049441;0.459515;,
  -0.035826;0.049441;0.459515;,
  -0.098385;0.103095;-0.310815;,
  -0.077529;0.104583;-0.305468;,
  -0.074100;0.095816;-0.319837;,
  -0.083920;0.096510;-0.325235;,
  -0.105056;0.131059;-0.298504;,
  -0.107399;0.150521;-0.284424;,
  -0.120616;0.221779;-0.383930;,
  -0.104749;0.234291;-0.384224;,
  -0.096174;0.143459;-0.394745;,
  -0.078797;0.147580;-0.398460;,
  -0.105300;0.171096;-0.400716;,
  -0.095364;0.108882;-0.338366;,
  -0.114003;0.124443;-0.321176;,
  -0.103544;0.116357;-0.308287;,
  -0.132365;0.158851;-0.322816;,
  -0.129885;0.157921;-0.347209;,
  -0.116912;0.145862;-0.367916;,
  -0.124382;0.177072;-0.390966;,
  -0.140556;0.185491;-0.369809;,
  -0.136047;0.169413;-0.310275;,
  -0.135163;0.188822;-0.295420;,
  -0.103909;0.211440;-0.282481;,
  -0.142558;0.224285;-0.327669;,
  -0.116954;0.244533;-0.316604;,
  -0.109616;0.127829;-0.356209;,
  -0.079648;0.099893;-0.344972;,
  -0.088246;0.121016;-0.372768;,
  -0.054641;0.082023;-0.342098;,
  -0.110684;0.192120;-0.401877;,
  -0.134607;0.204874;-0.380489;,
  -0.141206;0.224508;-0.359007;,
  -0.149646;0.207957;-0.344286;,
  -0.129656;0.239138;-0.354472;,
  -0.115784;0.249551;-0.351909;,
  -0.086950;0.175948;-0.274303;,
  -0.149646;0.207957;-0.344286;,
  -0.141206;0.224508;-0.359007;,
  -0.120343;0.123570;-0.323601;,
  -0.130068;0.148357;-0.332504;,
  -0.144445;0.162140;-0.337628;,
  -0.144589;0.147818;-0.321867;,
  -0.120343;0.123570;-0.323601;,
  -0.144589;0.147818;-0.321867;,
  -0.144445;0.162140;-0.337628;,
  -0.129885;0.157921;-0.347209;,
  -0.119822;0.135560;-0.341540;,
  -0.114003;0.124443;-0.321176;,
  -0.095858;0.139039;-0.383381;,
  -0.119822;0.135560;-0.341540;,
  -0.092129;0.114715;-0.299890;,
  -0.094413;0.090242;-0.281031;,
  -0.101643;0.082296;-0.290222;,
  -0.105056;0.131059;-0.298504;,
  -0.047838;0.103759;0.037213;,
  -0.045394;0.092219;0.069423;,
  -0.052594;0.074288;0.082662;,
  -0.038199;0.024215;0.066953;,
  -0.129656;0.239138;-0.354472;,
  -0.115784;0.249551;-0.351909;,
  -0.064880;0.105127;-0.361722;,
  -0.060936;0.116172;-0.373526;,
  -0.064266;0.124136;-0.377848;,
  -0.076410;0.144886;-0.385948;,
  -0.070461;0.104669;-0.070580;,
  -0.101643;0.082296;-0.290222;,
  -0.021659;-0.023921;0.565658;,
  -0.052543;0.099269;-0.362788;,
  -0.062076;0.100173;-0.358358;,
  -0.055118;0.104621;-0.361867;,
  -0.054923;0.106056;-0.367915;,
  -0.164887;0.056648;-0.232762;,
  -0.133261;0.046440;-0.223173;,
  -0.126618;0.033879;-0.228531;,
  -0.104264;0.016250;-0.235030;,
  -0.136047;0.169413;-0.310275;,
  -0.027201;-0.018871;0.284050;,
  -0.025749;-0.010822;0.361066;,
  0.000899;-0.021598;0.354948;,
  -0.008005;-0.025651;0.277913;,
  -0.035523;-0.031140;0.230386;,
  -0.013027;-0.033668;0.223690;,
  -0.034408;-0.023632;0.137169;,
  -0.021609;-0.027264;0.134488;,
  -0.038765;-0.023375;0.048198;,
  -0.028834;-0.026046;0.048982;,
  -0.035146;-0.025942;0.004972;,
  -0.077504;-0.016940;0.002136;,
  -0.017966;-0.007014;0.433085;,
  0.009074;-0.021970;0.420757;,
  -0.025748;0.102899;0.441182;,
  -0.064881;0.056924;0.432920;,
  -0.093047;0.063060;0.369001;,
  -0.037018;0.094594;0.367141;,
  -0.106465;0.064809;0.295693;,
  -0.045251;0.090735;0.297976;,
  -0.050456;0.087658;0.242459;,
  -0.091768;0.045554;0.246049;,
  -0.128112;0.057228;0.162591;,
  -0.053186;0.095767;0.153165;,
  -0.045394;0.092219;0.069423;,
  -0.086081;0.089769;0.072065;,
  -0.133261;0.046440;-0.223173;,
  -0.085358;-0.024728;0.050380;,
  -0.075674;-0.028138;0.151045;,
  -0.062013;-0.033516;0.244256;,
  -0.060659;-0.005767;0.300511;,
  -0.051344;0.003066;0.373492;,
  -0.041994;0.015451;0.456061;,
  0.055680;0.077416;0.153951;,
  -0.009330;0.093998;0.072017;,
  0.035813;0.080966;0.077318;,
  0.049090;0.046599;0.238620;,
  0.060639;0.073600;0.283193;,
  0.063773;0.069931;0.357583;,
  0.054529;0.054708;0.425583;,
  -0.126103;0.062161;0.082827;;
  916;
  3;0,2,1;,
  3;2,0,3;,
  3;4,6,5;,
  3;6,4,7;,
  3;8,10,9;,
  3;10,8,11;,
  3;12,14,13;,
  3;14,12,15;,
  3;16,12,17;,
  3;12,16,15;,
  3;18,20,19;,
  3;20,18,16;,
  3;5,22,21;,
  3;22,5,6;,
  3;13,24,23;,
  3;24,13,14;,
  3;25,27,26;,
  3;27,25,28;,
  3;29,31,30;,
  3;31,29,32;,
  3;31,33,30;,
  3;33,31,34;,
  3;35,37,36;,
  3;37,35,38;,
  3;38,39,37;,
  3;39,38,40;,
  3;36,42,41;,
  3;42,36,37;,
  3;37,43,42;,
  3;43,37,39;,
  3;41,31,32;,
  3;31,41,42;,
  3;42,34,31;,
  3;34,42,43;,
  3;44,46,45;,
  3;46,44,47;,
  3;48,50,49;,
  3;50,48,51;,
  3;49,53,52;,
  3;53,49,50;,
  3;54,56,55;,
  3;56,54,57;,
  3;57,58,56;,
  3;58,57,59;,
  3;55,61,60;,
  3;61,55,56;,
  3;56,62,61;,
  3;62,56,58;,
  3;60,50,51;,
  3;50,60,61;,
  3;61,53,50;,
  3;53,61,62;,
  3;32,20,63;,
  3;20,32,29;,
  3;64,66,65;,
  3;66,64,19;,
  3;13,67,12;,
  3;67,13,68;,
  3;68,69,67;,
  3;69,68,70;,
  3;70,41,69;,
  3;41,70,36;,
  3;48,34,51;,
  3;34,48,33;,
  3;51,43,60;,
  3;43,51,34;,
  3;43,55,60;,
  3;55,43,39;,
  3;39,54,55;,
  3;54,39,40;,
  3;12,63,17;,
  3;63,12,67;,
  3;67,32,63;,
  3;32,67,69;,
  3;69,41,32;,
  3;71,72,25;,
  3;73,75,74;,
  3;75,73,76;,
  3;75,77,74;,
  3;77,75,78;,
  3;79,78,80;,
  3;78,79,77;,
  3;81,83,82;,
  3;83,85,84;,
  3;85,83,86;,
  3;87,89,88;,
  3;89,90,88;,
  3;90,89,91;,
  3;92,94,93;,
  3;92,88,94;,
  3;92,87,88;,
  3;88,95,94;,
  3;95,88,90;,
  3;96,94,83;,
  3;94,86,83;,
  3;86,94,95;,
  3;97,99,98;,
  3;99,97,100;,
  3;100,101,99;,
  3;101,100,102;,
  3;103,105,104;,
  3;105,103,106;,
  3;106,107,105;,
  3;107,106,108;,
  3;104,110,109;,
  3;110,104,105;,
  3;105,111,110;,
  3;111,105,107;,
  3;109,100,97;,
  3;100,109,110;,
  3;110,102,100;,
  3;102,110,111;,
  3;112,114,113;,
  3;114,112,115;,
  3;116,118,117;,
  3;118,116,119;,
  3;120,122,121;,
  3;122,120,123;,
  3;120,125,124;,
  3;125,120,121;,
  3;126,125,127;,
  3;125,126,124;,
  3;95,97,86;,
  3;97,95,109;,
  3;86,98,85;,
  3;98,86,97;,
  3;90,103,104;,
  3;103,90,91;,
  3;104,95,90;,
  3;95,104,109;,
  3;128,96,129;,
  3;96,128,93;,
  3;129,130,128;,
  3;130,129,131;,
  3;72,28,25;,
  3;28,72,132;,
  3;9,133,8;,
  3;134,136,135;,
  3;136,134,137;,
  3;81,137,134;,
  3;138,11,139;,
  3;138,10,11;,
  3;138,140,10;,
  3;141,11,142;,
  3;11,141,139;,
  3;128,130,143;,
  3;93,144,92;,
  3;93,143,144;,
  3;93,128,143;,
  3;145,87,146;,
  3;87,145,147;,
  3;74,148,73;,
  3;148,74,149;,
  3;150,147,145;,
  3;7,149,74;,
  3;148,151,73;,
  3;102,152,101;,
  3;152,102,126;,
  3;102,124,126;,
  3;124,102,111;,
  3;111,120,124;,
  3;120,111,107;,
  3;120,108,123;,
  3;108,120,107;,
  3;8,154,153;,
  3;154,8,133;,
  3;153,155,8;,
  3;155,153,156;,
  3;121,113,114;,
  3;113,121,122;,
  3;122,112,113;,
  3;112,122,157;,
  3;158,125,159;,
  3;125,158,127;,
  3;159,121,114;,
  3;121,159,125;,
  3;126,160,152;,
  3;160,126,161;,
  3;162,122,123;,
  3;122,162,163;,
  3;122,164,157;,
  3;164,122,163;,
  3;165,126,127;,
  3;126,165,161;,
  3;161,166,160;,
  3;166,161,167;,
  3;162,117,163;,
  3;117,162,116;,
  3;163,118,164;,
  3;118,163,117;,
  3;165,167,161;,
  3;167,165,168;,
  3;169,171,170;,
  3;171,169,172;,
  3;173,175,174;,
  3;175,173,176;,
  3;177,179,178;,
  3;179,177,173;,
  3;180,179,181;,
  3;179,180,182;,
  3;183,169,170;,
  3;169,183,184;,
  3;175,186,185;,
  3;186,175,176;,
  3;45,187,44;,
  3;187,45,188;,
  3;180,169,182;,
  3;169,180,172;,
  3;19,29,66;,
  3;20,29,19;,
  3;29,30,189;,
  3;30,190,189;,
  3;190,30,33;,
  3;33,191,190;,
  3;191,33,48;,
  3;191,49,192;,
  3;49,191,48;,
  3;192,52,193;,
  3;52,192,49;,
  3;194,170,186;,
  3;170,194,183;,
  3;170,185,186;,
  3;185,170,171;,
  3;186,176,194;,
  3;194,173,177;,
  3;173,194,176;,
  3;179,174,181;,
  3;174,179,173;,
  3;178,182,184;,
  3;182,178,179;,
  3;182,169,184;,
  3;16,17,20;,
  3;17,63,20;,
  3;66,195,65;,
  3;196,198,197;,
  3;198,196,199;,
  3;200,153,154;,
  3;153,200,201;,
  3;202,204,203;,
  3;205,207,206;,
  3;196,209,208;,
  3;209,196,197;,
  3;210,208,211;,
  3;208,210,196;,
  3;212,214,213;,
  3;214,212,215;,
  3;212,213,211;,
  3;201,217,216;,
  3;217,201,200;,
  3;218,220,219;,
  3;220,218,216;,
  3;210,199,196;,
  3;214,205,206;,
  3;221,223,222;,
  3;197,198,224;,
  3;224,226,225;,
  3;226,224,198;,
  3;227,214,206;,
  3;228,229,213;,
  3;229,228,230;,
  3;219,232,231;,
  3;214,228,213;,
  3;156,201,233;,
  3;201,156,153;,
  3;233,216,218;,
  3;216,233,201;,
  3;220,216,234;,
  3;235,220,234;,
  3;236,238,237;,
  3;238,236,239;,
  3;208,240,211;,
  3;240,208,241;,
  3;211,242,212;,
  3;242,211,240;,
  3;243,239,244;,
  3;239,243,238;,
  3;244,236,245;,
  3;236,244,239;,
  3;246,221,222;,
  3;221,246,215;,
  3;221,212,247;,
  3;212,221,215;,
  3;199,248,1;,
  3;248,199,249;,
  3;133,9,250;,
  3;249,210,251;,
  3;210,249,199;,
  3;210,211,251;,
  3;252,2,253;,
  3;2,252,1;,
  3;19,254,18;,
  3;254,19,64;,
  3;23,68,13;,
  3;68,23,255;,
  3;68,256,70;,
  3;256,68,255;,
  3;256,36,70;,
  3;36,256,257;,
  3;258,1,252;,
  3;1,258,199;,
  3;257,259,36;,
  3;36,259,35;,
  3;260,203,261;,
  3;203,260,202;,
  3;262,263,222;,
  3;263,262,264;,
  3;198,258,226;,
  3;258,198,199;,
  3;265,204,227;,
  3;265,206,266;,
  3;206,265,227;,
  3;222,267,246;,
  3;267,222,263;,
  3;89,87,147;,
  3;82,83,84;,
  3;78,16,18;,
  3;16,78,75;,
  3;75,15,16;,
  3;15,75,76;,
  3;15,71,14;,
  3;71,15,76;,
  3;14,268,24;,
  3;268,14,71;,
  3;248,269,1;,
  3;1,269,0;,
  3;135,129,134;,
  3;129,135,131;,
  3;134,96,81;,
  3;96,134,129;,
  3;96,83,81;,
  3;94,96,93;,
  3;29,189,66;,
  3;205,215,246;,
  3;267,205,246;,
  3;205,267,207;,
  3;205,214,215;,
  3;187,188,270;,
  3;224,272,271;,
  3;223,221,209;,
  3;224,223,197;,
  3;271,273,262;,
  3;273,271,272;,
  3;263,275,274;,
  3;273,276,262;,
  3;277,272,278;,
  3;272,277,273;,
  3;223,271,262;,
  3;271,223,224;,
  3;223,209,197;,
  3;208,221,247;,
  3;221,208,209;,
  3;222,223,262;,
  3;266,207,279;,
  3;207,266,206;,
  3;207,280,279;,
  3;280,207,267;,
  3;280,263,274;,
  3;263,280,267;,
  3;264,262,276;,
  3;76,73,72;,
  3;138,281,140;,
  3;73,132,72;,
  3;132,73,151;,
  3;72,71,76;,
  3;272,225,278;,
  3;155,11,8;,
  3;276,277,282;,
  3;277,276,273;,
  3;275,276,282;,
  3;276,275,264;,
  3;28,141,27;,
  3;141,28,139;,
  3;139,132,138;,
  3;132,139,28;,
  3;132,281,138;,
  3;281,132,151;,
  3;281,148,283;,
  3;148,281,151;,
  3;283,149,284;,
  3;149,283,148;,
  3;7,284,149;,
  3;284,7,4;,
  3;6,79,22;,
  3;79,6,77;,
  3;77,7,74;,
  3;7,77,6;,
  3;5,3,4;,
  3;3,5,2;,
  3;285,137,82;,
  3;137,285,136;,
  3;137,81,82;,
  3;92,146,87;,
  3;146,92,144;,
  3;2,21,253;,
  3;21,2,5;,
  3;286,213,229;,
  3;251,211,286;,
  3;213,286,211;,
  3;234,216,217;,
  3;227,202,228;,
  3;202,230,228;,
  3;230,202,260;,
  3;232,220,235;,
  3;228,214,227;,
  3;26,71,25;,
  3;71,26,268;,
  3;155,142,11;,
  3;18,80,78;,
  3;80,18,254;,
  3;272,224,225;,
  3;275,263,264;,
  3;202,227,204;,
  3;232,219,220;,
  3;287,289,288;,
  3;289,287,290;,
  3;291,288,292;,
  3;288,291,287;,
  3;293,292,294;,
  3;292,293,291;,
  3;295,294,296;,
  3;294,295,293;,
  3;296,297,295;,
  3;298,290,299;,
  3;290,298,289;,
  3;300,302,301;,
  3;302,300,303;,
  3;304,300,305;,
  3;300,304,303;,
  3;306,305,307;,
  3;305,306,304;,
  3;308,306,307;,
  3;306,308,309;,
  3;308,310,309;,
  3;145,146,311;,
  3;312,314,313;,
  3;314,312,315;,
  3;316,318,317;,
  3;318,316,319;,
  3;320,322,321;,
  3;322,320,323;,
  3;324,326,325;,
  3;326,324,327;,
  3;328,324,325;,
  3;324,328,329;,
  3;330,331,328;,
  3;331,330,332;,
  3;319,22,318;,
  3;22,319,21;,
  3;327,333,326;,
  3;333,327,334;,
  3;335,337,336;,
  3;337,335,338;,
  3;339,341,340;,
  3;341,339,342;,
  3;341,344,343;,
  3;344,341,342;,
  3;345,347,346;,
  3;347,345,348;,
  3;346,350,349;,
  3;350,346,347;,
  3;348,351,347;,
  3;351,348,352;,
