xof 0303txt 0032
template XSkinMeshHeader {
 <3cf169ce-ff7c-44ab-93c0-f78f62d172e2>
 WORD nMaxSkinWeightsPerVertex;
 WORD nMaxSkinWeightsPerFace;
 WORD nBones;
}

template VertexDuplicationIndices {
 <b8d65549-d7c9-4995-89cf-53a9a8b031e3>
 DWORD nIndices;
 DWORD nOriginalVertices;
 array DWORD indices[nIndices];
}

template SkinWeights {
 <6f0d123b-bad2-4167-a0d0-80224f25fabb>
 STRING transformNodeName;
 DWORD nWeights;
 array DWORD vertexIndices[nWeights];
 array FLOAT weights[nWeights];
 Matrix4x4 matrixOffset;
}

template AnimTicksPerSecond {
 <9e415a43-7ba6-4a73-8743-b73d47e88476>
 DWORD AnimTicksPerSecond;
}

template VertexElement {
 <f752461c-1e23-48f6-b9f8-8350850f336f>
 DWORD Type;
 DWORD Method;
 DWORD Usage;
 DWORD UsageIndex;
}

template DeclData {
 <bf22e553-292c-4781-9fea-62bd554bdd93>
 DWORD nElements;
 array VertexElement Elements[nElements];
 DWORD nDWords;
 array DWORD data[nDWords];
}


AnimTicksPerSecond {
 4800;
}

Frame Dummy01 {
 

 FrameTransformMatrix {
  1.000000,0.000000,0.000000,0.000000,0.000000,-0.000000,-1.000000,0.000000,0.000000,1.000000,-0.000000,0.000000,0.000000,0.000000,0.000000,1.000000;;
 }

 Frame Bip01 {
  

  FrameTransformMatrix {
   0.337403,0.932080,-0.131858,0.000000,-0.103853,0.176073,0.978884,0.000000,0.935614,-0.316584,0.156207,0.000000,0.029235,-0.003418,0.508268,1.000000;;
  }

  Frame Bip01_Pelvis {
   

   FrameTransformMatrix {
    -0.000000,1.000000,-0.000001,0.000000,0.087154,0.000001,0.996195,0.000000,0.996195,-0.000000,-0.087154,0.000000,0.000000,0.000000,0.000000,1.000000;;
   }

   Frame Bip01_Spine {
    

    FrameTransformMatrix {
     0.985766,-0.115309,0.122349,0.000000,0.105322,0.990782,0.085195,0.000000,-0.131045,-0.071096,0.988824,0.000000,0.051644,0.000006,-0.000084,1.000000;;
    }

    Frame Bip01_Spine1 {
     

     FrameTransformMatrix {
      0.993498,-0.105133,0.043697,0.000000,0.087603,0.951035,0.296408,0.000000,-0.072720,-0.290653,0.954061,0.000000,0.106486,0.000025,-0.000081,1.000000;;
     }

     Frame Bip01_Neck {
      

      FrameTransformMatrix {
       0.973661,0.166680,0.155568,0.000000,-0.144731,0.979060,-0.143159,0.000000,-0.176172,0.116873,0.977397,0.000000,0.130509,-0.000003,0.004626,1.000000;;
      }

      Frame Bip01_Head {
       

       FrameTransformMatrix {
        0.951499,-0.284407,0.117312,0.000000,0.306550,0.908692,-0.283384,0.000000,-0.026004,0.305602,0.951804,0.000000,0.033674,-0.000000,0.000000,1.000000;;
       }

       Frame Bip01_HeadNub {
        

        FrameTransformMatrix {
         1.000000,-0.000000,0.000000,0.000000,0.000000,1.000000,0.000000,0.000000,0.000000,0.000000,1.000000,0.000000,0.169824,-0.000000,0.000000,1.000000;;
        }
       }
      }

      Frame Bip01_L_Clavicle {
       

       FrameTransformMatrix {
        0.265083,0.940030,-0.214650,0.000000,0.943264,-0.298978,-0.144447,0.000000,-0.199960,-0.164181,-0.965951,0.000000,-0.021496,0.019529,0.001549,1.000000;;
       }

       Frame Bip01_L_UpperArm {
        

        FrameTransformMatrix {
         0.769940,-0.586646,-0.251078,0.000000,0.563993,0.441553,0.697813,0.000000,-0.298505,-0.678880,0.670833,0.000000,0.087086,0.000000,0.000000,1.000000;;
        }

        Frame Bip01_L_Forearm {
         

         FrameTransformMatrix {
          -0.266512,0.000000,-0.963832,0.000000,-0.000000,1.000000,0.000000,0.000000,0.963832,-0.000000,-0.266512,0.000000,0.137062,0.000000,-0.000000,1.000000;;
         }

         Frame Bip01_L_Hand {
          

          FrameTransformMatrix {
           0.715946,0.691410,-0.096819,0.000000,0.000471,0.138199,0.990404,0.000000,0.698156,-0.709121,0.098617,0.000000,0.137062,0.000000,0.000000,1.000000;;
          }

          Frame Bip01_L_Finger0 {
           

           FrameTransformMatrix {
            0.496180,-0.607156,0.620619,0.000000,0.824803,0.552849,-0.118569,0.000000,-0.271119,0.570720,0.775097,0.000000,0.057681,-0.023605,-0.000272,1.000000;;
           }

           Frame Bip01_L_Finger0Nub {
            

            FrameTransformMatrix {
             1.000000,0.000000,-0.000000,0.000000,0.000000,1.000000,0.000000,0.000000,0.000000,0.000000,1.000000,0.000000,0.029435,-0.000000,0.000000,1.000000;;
            }
           }
          }

          Frame Bip01_L_Finger1 {
           

           FrameTransformMatrix {
            0.297230,-0.000760,0.954805,0.000000,0.000000,1.000000,0.000796,0.000000,-0.954806,-0.000237,0.297230,0.000000,0.084102,0.000000,-0.000000,1.000000;;
           }

           Frame Bip01_L_Finger1Nub {
            

            FrameTransformMatrix {
             1.000000,-0.000000,0.000000,0.000000,0.000000,1.000000,-0.000000,0.000000,0.000000,-0.000000,1.000000,0.000000,0.047988,0.000000,-0.000000,1.000000;;
            }
           }
          }
         }
        }
       }
      }

      Frame Bip01_R_Clavicle {
       

       FrameTransformMatrix {
        0.110424,-0.921904,-0.371349,0.000000,-0.987213,-0.144958,0.066311,0.000000,-0.114962,0.359278,-0.926123,0.000000,-0.026735,-0.011242,-0.002124,1.000000;;
       }

       Frame Bip01_R_UpperArm {
        

        FrameTransformMatrix {
         0.155514,0.135979,-0.978430,0.000000,-0.788715,0.613450,-0.040105,0.000000,0.594764,0.777939,0.202648,0.000000,0.087086,0.000000,-0.000000,1.000000;;
        }

        Frame Bip01_R_Forearm {
         

         FrameTransformMatrix {
          -0.431886,-0.000000,-0.901928,0.000000,0.000000,1.000000,0.000000,0.000000,0.901928,-0.000000,-0.431886,0.000000,0.137062,0.000000,0.000000,1.000000;;
         }

         Frame Bip01_R_Hand {
          

          FrameTransformMatrix {
           0.852086,-0.421079,-0.310874,0.000000,0.225066,0.831003,-0.508704,0.000000,0.472542,0.363492,0.802856,0.000000,0.137062,0.000000,0.000000,1.000000;;
          }

          Frame Bip01_R_Finger0 {
           

           FrameTransformMatrix {
            0.170399,0.418994,0.891857,0.000000,-0.770089,0.621298,-0.144751,0.000000,-0.614759,-0.662144,0.428531,0.000000,0.057681,0.023605,-0.000272,1.000000;;
           }

           Frame Bip01_R_Finger0Nub {
            

            FrameTransformMatrix {
             -1.000000,-0.000000,0.000000,0.000000,0.000000,1.000000,0.000000,0.000000,0.000000,-0.000000,-1.000000,0.000000,0.029435,0.000000,-0.000000,1.000000;;
            }
           }
          }

          Frame Bip01_R_Finger1 {
           

           FrameTransformMatrix {
            0.306356,0.000758,0.951916,0.000000,0.000000,1.000000,-0.000796,0.000000,-0.951917,0.000244,0.306356,0.000000,0.084102,0.000000,0.000000,1.000000;;
           }

           Frame Bip01_R_Finger1Nub {
            

            FrameTransformMatrix {
             -1.000000,0.000000,-0.000000,0.000000,0.000000,1.000000,0.000000,0.000000,0.000000,-0.000000,-1.000000,0.000000,0.047988,0.000000,-0.000000,1.000000;;
            }
           }
          }
         }
        }
       }
      }
     }

     Frame Bip01_BackPack {
      

      FrameTransformMatrix {
       0.180560,0.080500,-0.980264,0.000000,0.047560,0.994765,0.090451,0.000000,0.982413,-0.062954,0.175786,0.000000,0.063697,0.000003,-0.088856,1.000000;;
      }

      Frame Bip01_BackPackNub {
       

       FrameTransformMatrix {
        0.000796,0.000003,1.000000,0.000000,-0.000000,-1.000000,0.000003,0.000000,1.000000,0.000000,-0.000796,0.000000,0.053240,-0.000000,0.000000,1.000000;;
       }
      }
     }
    }

    Frame Bip01_L_Thigh {
     

     FrameTransformMatrix {
      -0.930768,-0.093710,0.353397,0.000000,0.117923,-0.991883,0.047565,0.000000,0.346071,0.085946,0.934264,0.000000,-0.057266,0.049278,0.002925,1.000000;;
     }

     Frame Bip01_L_Calf {
      

      FrameTransformMatrix {
       0.873626,0.000000,-0.486598,0.000000,0.000000,1.000000,0.000000,0.000000,0.486598,0.000000,0.873626,0.000000,0.237500,0.000000,0.000000,1.000000;;
      }

      Frame Bip01_L_Foot {
       

       FrameTransformMatrix {
        0.988890,0.091425,-0.117210,0.000000,-0.057666,0.962690,0.264390,0.000000,0.137008,-0.254694,0.957267,0.000000,0.206841,-0.000000,0.000000,1.000000;;
       }

       Frame Bip01_L_Toe0 {
        

        FrameTransformMatrix {
         -0.467522,-0.064435,0.881630,0.000000,-0.196165,0.980036,-0.032398,0.000000,-0.861941,-0.188092,-0.470829,0.000000,0.065373,0.000000,0.066450,1.000000;;
        }

        Frame Bip01_L_Toe0Nub {
         

         FrameTransformMatrix {
          -1.000000,-0.000000,-0.000000,0.000000,-0.000000,1.000000,0.000000,0.000000,0.000000,0.000000,-1.000000,0.000000,0.006735,-0.000000,-0.000000,1.000000;;
         }
        }
       }
      }
     }
    }

    Frame Bip01_R_Thigh {
     

     FrameTransformMatrix {
      -0.782982,-0.287590,0.551571,0.000000,0.348375,-0.937337,0.005807,0.000000,0.515338,0.196701,0.834108,0.000000,-0.044530,-0.060155,0.010777,1.000000;;
     }

     Frame Bip01_R_Calf {
      

      FrameTransformMatrix {
       0.873124,-0.000000,-0.487499,0.000000,0.000000,1.000000,-0.000000,0.000000,0.487499,-0.000000,0.873124,0.000000,0.237500,-0.000000,-0.000000,1.000000;;
      }

      Frame Bip01_R_Foot {
       

       FrameTransformMatrix {
        0.984951,-0.096499,0.143384,0.000000,-0.057779,0.598036,0.799384,0.000000,-0.162888,-0.795639,0.583460,0.000000,0.206841,0.000000,0.000000,1.000000;;
       }

       Frame Bip01_R_Toe0 {
        

        FrameTransformMatrix {
         -0.087158,-0.000000,0.996194,0.000000,0.000000,1.000000,0.000000,0.000000,-0.996195,0.000000,-0.087158,0.000000,0.065373,-0.000000,0.066450,1.000000;;
        }

        Frame Bip01_R_Toe0Nub {
         

         FrameTransformMatrix {
          1.000000,0.000000,-0.000000,0.000000,-0.000000,1.000000,0.000000,0.000000,0.000000,0.000000,1.000000,0.000000,0.006735,0.000000,0.000000,1.000000;;
         }
        }
       }
      }
     }
    }
   }

   Frame Bip01_DressFront {
    

    FrameTransformMatrix {
     -0.887230,-0.221819,0.404500,0.000000,-0.217369,0.974391,0.057559,0.000000,-0.406908,-0.036858,-0.912725,0.000000,-0.043942,0.001405,0.061075,1.000000;;
    }

    Frame Bip01_DressFront02 {
     

     FrameTransformMatrix {
      0.995455,-0.027610,-0.091140,0.000000,0.041964,0.986297,0.159554,0.000000,0.085486,-0.162653,0.982973,0.000000,0.183313,0.000021,-0.000129,1.000000;;
     }

     Frame Bip01_DressFrontNub {
      

      FrameTransformMatrix {
       0.000796,0.000003,1.000000,0.000000,0.000000,-1.000000,0.000003,0.000000,1.000000,-0.000000,-0.000796,0.000000,0.165302,0.000000,0.000000,1.000000;;
      }
     }
    }
   }

   Frame Bip01_DressBack {
    

    FrameTransformMatrix {
     -0.938344,-0.086150,0.334796,0.000000,-0.081191,0.996282,0.028807,0.000000,-0.336033,-0.000152,-0.941850,0.000000,-0.047685,0.000000,-0.078287,1.000000;;
    }

    Frame Bip01_DressBack02 {
     

     FrameTransformMatrix {
      0.846839,-0.057685,0.528712,0.000000,-0.000964,0.993933,0.109986,0.000000,-0.531849,-0.093650,0.841645,0.000000,0.176217,0.000010,-0.000092,1.000000;;
     }

     Frame Bip01_DressBackNub {
      

      FrameTransformMatrix {
       0.000796,0.000003,1.000000,0.000000,-0.000000,-1.000000,0.000003,0.000000,1.000000,-0.000000,-0.000796,0.000000,0.136508,0.000000,0.000000,1.000000;;
      }
     }
    }
   }
  }

  Frame Bip01_Prop1 {
   

   FrameTransformMatrix {
    0.422404,-0.045727,-0.905253,0.000000,0.725946,-0.580963,0.368083,0.000000,-0.542750,-0.812645,-0.212206,0.000000,0.108111,0.317263,-0.133432,1.000000;;
   }
  }

  Frame Bip01_Prop2 {
   

   FrameTransformMatrix {
    0.190957,-0.913827,0.358409,0.000000,0.980104,0.157360,-0.120972,0.000000,0.054148,0.374378,0.925694,0.000000,0.186795,0.343924,0.134146,1.000000;;
   }
  }
 }
}

Frame Translation_Data {
 

 FrameTransformMatrix {
  1.000000,0.000000,0.000000,0.000000,0.000000,-0.000000,-1.000000,0.000000,0.000000,1.000000,-0.000000,0.000000,0.000000,0.000000,0.000000,1.000000;;
 }
}

Frame Body {
 

 FrameTransformMatrix {
  1.000000,0.000000,0.000000,0.000000,0.000000,1.000000,0.000000,0.000000,0.000000,0.000000,1.000000,0.000000,0.000000,0.000000,0.000000,1.000000;;
 }

 Mesh Body {
  617;
  0.038950;0.772877;-0.111425;,
  -0.005128;0.774120;-0.104342;,
  0.006217;0.742837;-0.110898;,
  0.056207;0.755874;-0.110191;,
  0.063291;0.731364;-0.113615;,
  0.020352;0.710153;-0.118017;,
  0.045510;0.682608;-0.110894;,
  0.080895;0.703518;-0.086800;,
  -0.006432;0.806028;-0.076213;,
  0.023367;0.804366;-0.073805;,
  0.045100;0.805013;-0.052850;,
  0.018863;0.803395;-0.045203;,
  0.094408;0.574207;0.051190;,
  0.048969;0.567173;0.065620;,
  0.050568;0.580872;0.056718;,
  0.088004;0.585100;0.042354;,
  0.096404;0.575780;-0.012227;,
  0.107128;0.553475;0.015442;,
  0.077645;0.561803;-0.046528;,
  0.078936;0.509521;-0.026233;,
  0.102993;0.524656;-0.012027;,
  -0.019619;0.701803;-0.113775;,
  -0.006240;0.667008;-0.111535;,
  0.009064;0.556903;0.056312;,
  0.009572;0.571846;0.047879;,
  0.051866;0.686643;0.022108;,
  0.001384;0.677002;0.026839;,
  -0.002691;0.715995;0.019724;,
  0.051379;0.728972;0.008636;,
  0.097467;0.477423;-0.024674;,
  0.114578;0.381360;-0.030464;,
  0.145886;0.381459;0.005246;,
  0.123284;0.479174;0.018593;,
  0.126828;0.281928;-0.036099;,
  0.145251;0.287910;0.012417;,
  0.045267;0.472590;-0.015419;,
  0.030357;0.459052;0.080808;,
  0.054039;0.369448;0.059585;,
  0.063134;0.374103;-0.015694;,
  0.084468;0.287761;0.037624;,
  0.091023;0.280560;-0.002740;,
  0.107491;0.460669;0.075714;,
  0.133002;0.378096;0.068634;,
  0.123878;0.294555;0.045695;,
  0.128975;0.046716;0.144424;,
  0.091553;0.036851;0.121461;,
  0.072365;0.061204;0.159171;,
  0.102717;0.067579;0.175081;,
  0.124559;0.229204;0.007396;,
  0.124305;0.161490;0.037493;,
  0.145811;0.173273;0.070346;,
  0.148167;0.241755;0.040565;,
  0.127955;0.088032;0.072774;,
  0.137333;0.101426;0.103004;,
  0.079049;0.216534;0.026703;,
  0.067256;0.250185;0.069543;,
  0.076808;0.187855;0.088581;,
  0.089638;0.165121;0.054629;,
  0.099289;0.115821;0.108477;,
  0.104679;0.088013;0.089268;,
  0.136809;0.264932;0.082734;,
  0.137149;0.193001;0.102306;,
  0.122099;0.123367;0.113373;,
  0.114677;0.526853;0.026893;,
  0.043318;0.494362;-0.045849;,
  0.043336;0.462622;-0.026387;,
  0.045267;0.472590;-0.015419;,
  0.103056;0.529832;0.080182;,
  0.048974;0.524816;0.091669;,
  0.104395;0.476388;0.081327;,
  0.054721;0.476508;0.092576;,
  0.054467;0.636911;0.034035;,
  0.083591;0.687039;0.005075;,
  0.094286;0.689195;-0.012758;,
  0.089912;0.675071;-0.064165;,
  0.086526;0.625743;-0.037470;,
  0.088241;0.637942;0.011568;,
  0.059183;0.654837;-0.096440;,
  0.068863;0.609552;-0.065521;,
  0.010701;0.643046;-0.101791;,
  0.023390;0.593141;-0.071576;,
  0.100517;0.825475;-0.092807;,
  0.081300;0.782942;-0.119589;,
  0.150330;0.819944;-0.085526;,
  0.141769;0.771992;-0.120414;,
  0.183542;0.758480;-0.098672;,
  0.192722;0.797956;-0.072081;,
  0.084902;0.745820;-0.071413;,
  0.134419;0.734126;-0.066770;,
  0.141769;0.771992;-0.120414;,
  0.202782;0.734692;-0.076096;,
  0.183542;0.758480;-0.098672;,
  0.084476;0.748321;-0.060369;,
  0.093838;0.787021;-0.039654;,
  0.142696;0.782177;-0.031750;,
  0.212193;0.774073;-0.049729;,
  0.097655;0.814990;-0.064914;,
  0.173816;0.809737;-0.076007;,
  0.160222;0.764222;-0.108317;,
  0.160990;0.803915;-0.154208;,
  0.169475;0.831469;-0.131489;,
  0.164002;0.828798;-0.191287;,
  0.169783;0.849873;-0.177848;,
  0.160222;0.764222;-0.108317;,
  0.220871;0.748562;-0.112729;,
  0.217858;0.797701;-0.155376;,
  0.160990;0.803915;-0.154208;,
  0.203571;0.827900;-0.192997;,
  0.164002;0.828798;-0.191287;,
  0.234189;0.793852;-0.080574;,
  0.224026;0.818733;-0.137665;,
  0.206445;0.842871;-0.183375;,
  0.149057;0.928527;-0.248534;,
  0.148561;0.908974;-0.238468;,
  0.195294;0.899895;-0.231241;,
  0.195247;0.919222;-0.241120;,
  0.128112;0.896051;-0.219270;,
  0.132211;0.905903;-0.222728;,
  0.131536;0.911253;-0.213137;,
  0.122442;0.899952;-0.209850;,
  0.198619;0.860218;-0.222449;,
  0.201166;0.897482;-0.221545;,
  0.152491;0.893134;-0.201617;,
  0.149885;0.860246;-0.212593;,
  0.207596;0.868818;-0.186715;,
  0.204709;0.909808;-0.206260;,
  0.156900;0.868217;-0.175244;,
  0.158059;0.904992;-0.186622;,
  0.044379;0.826057;-0.070559;,
  0.053331;0.821560;-0.098607;,
  0.023367;0.804366;-0.073805;,
  0.026033;0.797103;-0.097186;,
  0.085283;0.734639;-0.012782;,
  0.002595;0.792516;-0.099658;,
  0.061644;0.800582;-0.110681;,
  0.038950;0.772877;-0.111425;,
  0.056207;0.755874;-0.110191;,
  0.075677;0.790687;-0.103155;,
  0.078031;0.771642;-0.041952;,
  0.045224;0.764220;-0.013469;,
  0.078697;0.774785;-0.046996;,
  -0.008427;0.748057;0.001979;,
  -0.025373;0.787085;-0.040406;,
  0.045100;0.805013;-0.052850;,
  0.078697;0.774785;-0.046996;,
  0.069071;0.739908;-0.082771;,
  0.079842;0.767932;-0.051548;,
  0.081300;0.782942;-0.119589;,
  0.087295;0.721316;-0.041863;,
  0.080566;0.705068;-0.072153;,
  0.063291;0.731364;-0.113615;,
  0.092122;0.730494;-0.028590;,
  0.149885;0.860246;-0.212593;,
  -0.020796;0.829463;-0.083354;,
  -0.007391;0.822004;-0.100371;,
  -0.034628;0.803224;-0.067900;,
  -0.047090;0.826315;-0.078217;,
  0.158059;0.904992;-0.186622;,
  0.149057;0.928527;-0.248534;,
  0.195247;0.919222;-0.241120;,
  0.137621;0.879117;-0.214685;,
  0.131135;0.892572;-0.193523;,
  0.137621;0.879117;-0.214685;,
  0.145834;0.894847;-0.216070;,
  0.149487;0.905177;-0.194032;,
  0.149487;0.905177;-0.194032;,
  0.128112;0.896051;-0.219270;,
  0.122442;0.899952;-0.209850;,
  0.131536;0.911253;-0.213137;,
  0.173961;0.029289;0.080515;,
  0.164714;0.002661;0.040283;,
  0.167786;-0.016479;0.045134;,
  0.180443;0.008338;0.088878;,
  0.077248;0.083941;0.132667;,
  0.072365;0.061204;0.159171;,
  0.091553;0.036851;0.121461;,
  0.093786;0.056715;0.106244;,
  0.099289;0.115821;0.108477;,
  0.122099;0.123367;0.113373;,
  0.113791;0.094044;0.149916;,
  0.128975;0.046716;0.144424;,
  0.102717;0.067579;0.175081;,
  0.134236;0.075625;0.125314;,
  0.127955;0.088032;0.072774;,
  0.137333;0.101426;0.103004;,
  0.132365;-0.017958;0.036579;,
  0.135484;-0.000029;0.036722;,
  0.180443;0.008338;0.088878;,
  0.132365;-0.017958;0.036579;,
  0.063134;0.374103;-0.015694;,
  0.091023;0.280560;-0.002740;,
  0.079049;0.216534;0.026703;,
  0.089638;0.165121;0.054629;,
  0.104679;0.088013;0.089268;,
  0.104679;0.088013;0.089268;,
  0.031786;0.457693;0.024073;,
  0.000854;0.830313;-0.118136;,
  0.001894;0.815037;-0.133173;,
  -0.003415;0.806068;-0.129002;,
  -0.010199;0.809437;-0.114114;,
  -0.021785;0.849938;-0.109169;,
  -0.039710;0.861430;-0.097804;,
  -0.075003;0.912819;-0.203952;,
  -0.093454;0.905634;-0.207995;,
  -0.078810;0.885287;-0.224204;,
  -0.018859;0.852077;-0.206545;,
  -0.036605;0.874287;-0.215178;,
  -0.030322;0.839415;-0.212948;,
  -0.007516;0.855022;-0.129379;,
  -0.000442;0.831662;-0.146388;,
  -0.008274;0.841449;-0.116885;,
  -0.027196;0.888474;-0.133562;,
  -0.023120;0.886731;-0.157695;,
  -0.036953;0.910819;-0.182456;,
  -0.033962;0.893376;-0.204064;,
  -0.015534;0.870151;-0.177945;,
  -0.056263;0.905272;-0.110551;,
  -0.036631;0.896604;-0.122282;,
  -0.093396;0.889602;-0.104953;,
  -0.108587;0.918966;-0.141515;,
  -0.076625;0.930938;-0.146314;,
  -0.006071;0.854233;-0.164809;,
  -0.007884;0.832993;-0.182778;,
  0.000561;0.813805;-0.153568;,
  0.002693;0.783089;-0.151343;,
  -0.008931;0.766135;-0.158954;,
  -0.015470;0.773443;-0.140224;,
  -0.051509;0.889726;-0.218620;,
  -0.054351;0.916031;-0.196431;,
  -0.056181;0.929233;-0.159435;,
  -0.071673;0.931000;-0.177289;,
  -0.106869;0.921782;-0.177041;,
  -0.090661;0.928434;-0.176349;,
  -0.073312;0.856567;-0.094020;,
  -0.056181;0.929233;-0.159435;,
  -0.071673;0.931000;-0.177289;,
  -0.003167;0.860099;-0.130844;,
  -0.011936;0.893269;-0.129542;,
  -0.021211;0.901046;-0.147063;,
  -0.017657;0.881465;-0.141879;,
  -0.011936;0.893269;-0.129542;,
  -0.003167;0.860099;-0.130844;,
  -0.021211;0.901046;-0.147063;,
  -0.023120;0.886731;-0.157695;,
  -0.010252;0.866434;-0.150222;,
  -0.007516;0.855022;-0.129379;,
  -0.017382;0.849139;-0.194798;,
  -0.010252;0.866434;-0.150222;,
  0.002595;0.792516;-0.099658;,
  -0.007391;0.822004;-0.100371;,
  0.026033;0.797103;-0.097186;,
  -0.021785;0.849938;-0.109169;,
  -0.030847;0.751554;-0.113604;,
  -0.025276;0.728228;-0.111601;,
  0.037021;0.552009;-0.058854;,
  0.008900;0.516147;0.082072;,
  0.013222;0.482260;0.085181;,
  0.016519;0.455279;0.075204;,
  -0.027350;0.780493;-0.128801;,
  0.031786;0.457693;0.024073;,
  -0.090661;0.928434;-0.176349;,
  -0.106869;0.921782;-0.177041;,
  -0.008127;0.804412;-0.172603;,
  -0.021538;0.814202;-0.191207;,
  -0.017255;0.807108;-0.186252;,
  -0.070584;0.873263;-0.229471;,
  -0.056905;0.851819;-0.228842;,
  -0.031552;0.835544;-0.200579;,
  0.008663;0.626391;0.033449;,
  0.026033;0.797103;-0.097186;,
  0.167786;-0.016479;0.045134;,
  -0.005953;0.799348;-0.168949;,
  -0.009117;0.790863;-0.174363;,
  -0.012537;0.795784;-0.173895;,
  -0.026154;0.799897;-0.203447;,
  -0.025828;0.797463;-0.191010;,
  -0.012727;0.796566;-0.180062;,
  -0.022277;0.789518;-0.175461;,
  -0.017425;0.782150;-0.176785;,
  -0.041786;0.826753;-0.219352;,
  -0.039196;0.821432;-0.211081;,
  0.079842;0.767932;-0.051548;,
  -0.021049;0.788954;-0.184205;,
  0.064715;0.744902;-0.069182;,
  0.069071;0.739908;-0.082771;,
  0.063291;0.731364;-0.113615;,
  -0.036631;0.896604;-0.122282;,
  0.124559;0.229204;0.007396;,
  0.074091;0.219494;-0.060545;,
  0.082456;0.146954;-0.053321;,
  0.124305;0.161490;0.037493;,
  0.126828;0.281928;-0.036099;,
  0.081034;0.280940;-0.065047;,
  0.114578;0.381360;-0.030464;,
  0.062177;0.373190;-0.052494;,
  0.097467;0.477423;-0.024674;,
  0.053964;0.460900;-0.044251;,
  0.078936;0.509521;-0.026233;,
  0.083477;0.078715;-0.053838;,
  0.127955;0.088032;0.072774;,
  0.073055;0.188421;0.116460;,
  0.076858;0.123799;0.143766;,
  0.011347;0.110140;0.125656;,
  0.017094;0.178719;0.100800;,
  0.025105;0.238356;0.068567;,
  0.068143;0.254031;0.083636;,
  0.030408;0.295995;0.051656;,
  0.070713;0.289930;0.064828;,
  0.049771;0.368894;0.073917;,
  0.021075;0.375713;0.068541;,
  0.015626;0.454741;0.085568;,
  0.064715;0.744902;-0.069182;,
  -0.096982;0.744980;-0.091271;,
  -0.105630;0.722381;-0.084906;,
  -0.057584;0.728189;-0.098876;,
  -0.059010;0.761934;-0.094624;,
  -0.099288;0.694288;-0.081423;,
  -0.093083;0.663083;-0.066522;,
  -0.058144;0.658517;-0.098813;,
  -0.058102;0.692142;-0.103235;,
  -0.062205;0.793510;-0.066378;,
  -0.070981;0.782769;-0.028275;,
  -0.099325;0.772966;-0.026589;,
  -0.088922;0.781944;-0.055993;,
  -0.065867;0.550182;0.012159;,
  -0.059289;0.560291;0.009627;,
  -0.031986;0.566967;0.038375;,
  -0.031845;0.555059;0.045940;,
  -0.040702;0.552687;-0.042690;,
  -0.054823;0.529199;-0.023998;,
  -0.005919;0.547729;-0.065095;,
  -0.030727;0.505578;-0.044213;,
  0.000052;0.497696;-0.045443;,
  0.009572;0.571846;0.047879;,
  0.009064;0.556903;0.056312;,
  -0.048188;0.663029;0.024640;,
  -0.058001;0.703551;0.021385;,
  -0.002691;0.715995;0.019724;,
  0.001384;0.677002;0.026839;,
  -0.013289;0.469669;-0.057262;,
  -0.056374;0.462376;-0.032007;,
  -0.063611;0.372241;-0.075418;,
  -0.019541;0.379261;-0.091667;,
  -0.058415;0.279342;-0.087505;,
  -0.019387;0.283584;-0.121963;,
  0.027179;0.463866;-0.028322;,
  0.019831;0.368078;-0.056422;,
  -0.006209;0.347183;0.011818;,
  0.007079;0.455563;0.075139;,
  -0.002865;0.274452;-0.076797;,
  -0.016160;0.272705;-0.037504;,
  -0.080959;0.355096;-0.015415;,
  -0.065792;0.434933;0.022963;,
  -0.055305;0.278310;-0.047538;,
  -0.079383;0.006307;-0.053476;,
  -0.118976;0.008548;-0.031294;,
  -0.105374;0.010322;0.000751;,
  -0.058735;0.008426;-0.013550;,
  -0.032852;0.222716;-0.093803;,
  -0.069994;0.228291;-0.073693;,
  -0.075771;0.154992;-0.060427;,
  -0.040698;0.150137;-0.081091;,
  -0.075851;0.076430;-0.048432;,
  -0.047083;0.073169;-0.061142;,
  -0.000352;0.205405;-0.058469;,
  -0.018175;0.149402;-0.049457;,
  -0.024289;0.164111;-0.009702;,
  -0.012375;0.228893;-0.009372;,
  -0.055088;0.069089;-0.025083;,
  -0.060495;0.088472;-0.015912;,
  -0.084407;0.167266;-0.024924;,
  -0.081212;0.241701;-0.027446;,
  -0.078678;0.094146;-0.027857;,
  -0.059009;0.500818;-0.015404;,
  0.027179;0.463866;-0.028322;,
  -0.031839;0.512702;0.071988;,
  -0.073962;0.503297;0.037073;,
  -0.026909;0.458714;0.068422;,
  -0.065514;0.450532;0.034512;,
  -0.036885;0.615925;0.028546;,
  -0.077338;0.649057;0.009147;,
  -0.088719;0.646002;-0.008126;,
  -0.064659;0.602818;0.002381;,
  -0.051717;0.593985;-0.045776;,
  -0.080649;0.634815;-0.059848;,
  -0.025247;0.587933;-0.071176;,
  -0.045373;0.630160;-0.093794;,
  -0.134112;0.779071;-0.096248;,
  -0.162475;0.755807;-0.131165;,
  -0.090808;0.749101;-0.085191;,
  -0.189220;0.717736;-0.151934;,
  -0.151933;0.686902;-0.149344;,
  -0.116012;0.717982;-0.131812;,
  -0.122377;0.707965;-0.053205;,
  -0.116012;0.717982;-0.131812;,
  -0.146691;0.679356;-0.087854;,
  -0.151933;0.686902;-0.149344;,
  -0.170793;0.658070;-0.149875;,
  -0.132070;0.709223;-0.047469;,
  -0.193156;0.717356;-0.086930;,
  -0.164540;0.739718;-0.052957;,
  -0.207958;0.688781;-0.152771;,
  -0.153077;0.767223;-0.076344;,
  -0.181035;0.735238;-0.136183;,
  -0.135783;0.767061;-0.158741;,
  -0.105142;0.746963;-0.156592;,
  -0.135221;0.700993;-0.130824;,
  -0.098802;0.792636;-0.181234;,
  -0.079731;0.773872;-0.184351;,
  -0.135221;0.700993;-0.130824;,
  -0.105142;0.746963;-0.156592;,
  -0.123654;0.727506;-0.207116;,
  -0.149806;0.672183;-0.184454;,
  -0.079731;0.773872;-0.184351;,
  -0.099719;0.769463;-0.213797;,
  -0.147255;0.742854;-0.208326;,
  -0.195288;0.706342;-0.189587;,
  -0.107122;0.779073;-0.214422;,
  -0.026138;0.869650;-0.220169;,
  -0.072348;0.869276;-0.231981;,
  -0.078954;0.849182;-0.227109;,
  -0.032354;0.849198;-0.214981;,
  -0.028784;0.820339;-0.200027;,
  -0.022752;0.824914;-0.191151;,
  -0.028111;0.836955;-0.198046;,
  -0.029756;0.829690;-0.206144;,
  -0.091282;0.810083;-0.228210;,
  -0.050795;0.798523;-0.201766;,
  -0.052698;0.829456;-0.186005;,
  -0.088575;0.846585;-0.220714;,
  -0.095977;0.857229;-0.205549;,
  -0.112135;0.815536;-0.197116;,
  -0.070584;0.802737;-0.168625;,
  -0.061898;0.840113;-0.171923;,
  -0.110761;0.797856;-0.052781;,
  -0.123443;0.788459;-0.078055;,
  -0.090366;0.773525;-0.080946;,
  -0.088922;0.781944;-0.055993;,
  -0.094745;0.692798;0.008201;,
  -0.071817;0.775902;-0.086742;,
  -0.125795;0.765142;-0.087835;,
  -0.122142;0.753673;-0.074695;,
  -0.105630;0.722381;-0.084906;,
  -0.096982;0.744980;-0.091271;,
  -0.109646;0.729655;-0.006637;,
  -0.113819;0.731876;-0.011406;,
  -0.065550;0.738789;0.007404;,
  -0.008427;0.748057;0.001979;,
  -0.025373;0.787085;-0.040406;,
  -0.099325;0.772966;-0.026589;,
  -0.113819;0.731876;-0.011406;,
  -0.099643;0.703096;-0.051559;,
  -0.090808;0.749101;-0.085191;,
  -0.112582;0.726085;-0.016745;,
  -0.090277;0.665361;-0.052240;,
  -0.096839;0.678520;-0.020402;,
  -0.099288;0.694288;-0.081423;,
  -0.102282;0.685311;-0.005931;,
  -0.050795;0.798523;-0.201766;,
  -0.072288;0.799360;-0.103285;,
  -0.068808;0.812710;-0.085510;,
  -0.047090;0.826315;-0.078217;,
  -0.034628;0.803224;-0.067900;,
  -0.061898;0.840113;-0.171923;,
  -0.026138;0.869650;-0.220169;,
  -0.072348;0.869276;-0.231981;,
  -0.034021;0.824479;-0.174736;,
  -0.042902;0.808211;-0.192831;,
  -0.042902;0.808211;-0.192831;,
  -0.046272;0.824633;-0.198809;,
  -0.048030;0.840847;-0.180376;,
  -0.048030;0.840847;-0.180376;,
  -0.022752;0.824914;-0.191151;,
  -0.028784;0.820339;-0.200027;,
  -0.028111;0.836955;-0.198046;,
  -0.010873;0.024018;-0.090952;,
  -0.006943;0.001829;-0.097516;,
  0.041697;0.001872;-0.079521;,
  0.036013;0.020812;-0.076646;,
  -0.093360;0.043344;-0.002166;,
  -0.055289;0.033274;-0.014900;,
  -0.058735;0.008426;-0.013550;,
  -0.105374;0.010322;0.000751;,
  -0.060495;0.088472;-0.015912;,
  -0.109304;0.044263;-0.040636;,
  -0.078678;0.094146;-0.027857;,
  -0.079383;0.006307;-0.053476;,
  -0.076764;0.040998;-0.057754;,
  -0.118976;0.008548;-0.031294;,
  -0.047083;0.073169;-0.061142;,
  -0.075851;0.076430;-0.048432;,
  0.037274;0.019646;-0.047128;,
  0.045986;0.004115;-0.043374;,
  0.045986;0.004115;-0.043374;,
  -0.006943;0.001829;-0.097516;,
  0.019831;0.368078;-0.056422;,
  -0.002865;0.274452;-0.076797;,
  -0.000352;0.205405;-0.058469;,
  -0.018175;0.149402;-0.049457;,
  -0.055088;0.069089;-0.025083;,
  -0.055088;0.069089;-0.025083;,
  -0.076524;0.780733;-0.125806;,
  -0.060470;0.791896;-0.116372;,
  -0.051391;0.775327;-0.133757;,
  -0.061068;0.774695;-0.139414;,
  -0.086244;0.808636;-0.115559;,
  -0.090884;0.828640;-0.102876;,
  -0.108030;0.891657;-0.207226;,
  -0.093454;0.905634;-0.207995;,
  -0.075776;0.815607;-0.212186;,
  -0.058781;0.821180;-0.215769;,
  -0.087367;0.841761;-0.220210;,
  -0.073269;0.784998;-0.153607;,
  -0.093833;0.799715;-0.137934;,
  -0.083021;0.793554;-0.124294;,
  -0.115399;0.831957;-0.142305;,
  -0.112121;0.829703;-0.166517;,
  -0.097432;0.817675;-0.186063;,
  -0.107219;0.846436;-0.211325;,
  -0.124753;0.854561;-0.191159;,
  -0.120458;0.842891;-0.130591;,
  -0.121905;0.863212;-0.117058;,
  -0.093396;0.889602;-0.104953;,
  -0.131761;0.895609;-0.151779;,
  -0.108587;0.918966;-0.141515;,
  -0.088765;0.801247;-0.173006;,
  -0.056565;0.777201;-0.159230;,
  -0.066354;0.795528;-0.188574;,
  -0.030034;0.762119;-0.154587;,
  -0.094734;0.862029;-0.222905;,
  -0.120405;0.873707;-0.202978;,
  -0.129513;0.893938;-0.183022;,
  -0.136734;0.877619;-0.167420;,
  -0.119581;0.909903;-0.179216;,
  -0.106869;0.921782;-0.177041;,
  -0.073312;0.856567;-0.094020;,
  -0.136734;0.877619;-0.167420;,
  -0.129513;0.893938;-0.183022;,
  -0.099983;0.798064;-0.140440;,
  -0.111807;0.821138;-0.151211;,
  -0.127300;0.833070;-0.157579;,
  -0.126514;0.819853;-0.140899;,
  -0.099983;0.798064;-0.140440;,
  -0.126514;0.819853;-0.140899;,
  -0.127300;0.833070;-0.157579;,
  -0.112121;0.829703;-0.166517;,
  -0.100103;0.808862;-0.159129;,
  -0.093833;0.799715;-0.137934;,
  -0.075368;0.811984;-0.200546;,
  -0.100103;0.808862;-0.159129;,
  -0.072288;0.799360;-0.103285;,
  -0.071817;0.775902;-0.086742;,
  -0.090366;0.773525;-0.080946;,
  -0.086244;0.808636;-0.115559;,
  0.008900;0.516147;0.082072;,
  0.013222;0.482260;0.085181;,
  0.016519;0.455279;0.075204;,
  0.031786;0.457693;0.024073;,
  -0.119581;0.909903;-0.179216;,
  -0.106869;0.921782;-0.177041;,
  -0.041889;0.782779;-0.175950;,
  -0.038692;0.793373;-0.188376;,
  -0.042653;0.800673;-0.193300;,
  -0.056514;0.819550;-0.203053;,
  0.008663;0.626391;0.033449;,
  -0.090366;0.773525;-0.080946;,
  0.041697;0.001872;-0.079521;,
  -0.029015;0.778114;-0.176336;,
  -0.038717;0.778354;-0.172197;,
  -0.032125;0.783233;-0.175837;,
  -0.031892;0.784286;-0.181962;,
  -0.112582;0.726085;-0.016745;,
  -0.093405;0.710276;-0.037849;,
  -0.099643;0.703096;-0.051559;,
  -0.099288;0.694288;-0.081423;,
  -0.120458;0.842891;-0.130591;,
  0.015264;0.225724;-0.110613;,
  0.001341;0.152692;-0.119171;,
  0.040255;0.151031;-0.102167;,
  0.042641;0.224328;-0.090327;,
  0.017656;0.285940;-0.107671;,
  0.046488;0.282165;-0.089603;,
  0.029470;0.374901;-0.075664;,
  0.046559;0.369798;-0.065249;,
  0.035967;0.460904;-0.052757;,
  0.046811;0.453764;-0.047762;,
  0.043318;0.494362;-0.045849;,
  0.000052;0.497696;-0.045443;,
  -0.004770;0.083577;-0.129706;,
  0.039508;0.089065;-0.115718;,
  -0.034501;0.088627;0.036097;,
  -0.078668;0.094147;-0.027850;,
  -0.084407;0.167266;-0.024924;,
  -0.028214;0.162230;0.022292;,
  -0.081212;0.241701;-0.027446;,
  -0.024003;0.227617;0.003429;,
  -0.017607;0.269607;-0.003472;,
  -0.055305;0.278310;-0.047538;,
  -0.080959;0.355096;-0.015415;,
  -0.009457;0.341981;0.028214;,
  0.013222;0.482261;0.085181;,
  -0.026909;0.458714;0.068422;,
  -0.093405;0.710276;-0.037849;,
  -0.013289;0.469669;-0.057262;,
  -0.019541;0.379261;-0.091667;,
  -0.019387;0.283584;-0.121963;,
  -0.032852;0.222716;-0.093803;,
  -0.040698;0.150137;-0.081091;,
  -0.047083;0.073169;-0.061142;,
  0.133002;0.378096;0.068634;,
  0.054721;0.476508;0.092576;,
  0.107491;0.460669;0.075714;,
  0.123878;0.294555;0.045695;,
  0.136809;0.264932;0.082734;,
  0.137149;0.193001;0.102306;,
  0.122099;0.123367;0.113373;,
  -0.065792;0.434933;0.022963;;
  916;
  3;0,2,1;,
  3;2,0,3;,
  3;4,6,5;,
  3;6,4,7;,
  3;8,10,9;,
  3;10,8,11;,
  3;12,14,13;,
  3;14,12,15;,
  3;16,12,17;,
  3;12,16,15;,
  3;18,20,19;,
  3;20,18,16;,
  3;5,22,21;,
  3;22,5,6;,
  3;13,24,23;,
  3;24,13,14;,
  3;25,27,26;,
  3;27,25,28;,
  3;29,31,30;,
  3;31,29,32;,
  3;31,33,30;,
  3;33,31,34;,
  3;35,37,36;,
  3;37,35,38;,
  3;38,39,37;,
  3;39,38,40;,
  3;36,42,41;,
  3;42,36,37;,
  3;37,43,42;,
  3;43,37,39;,
  3;41,31,32;,
  3;31,41,42;,
  3;42,34,31;,
  3;34,42,43;,
  3;44,46,45;,
  3;46,44,47;,
  3;48,50,49;,
  3;50,48,51;,
  3;49,53,52;,
  3;53,49,50;,
  3;54,56,55;,
  3;56,54,57;,
  3;57,58,56;,
  3;58,57,59;,
  3;55,61,60;,
  3;61,55,56;,
  3;56,62,61;,
  3;62,56,58;,
  3;60,50,51;,
  3;50,60,61;,
  3;61,53,50;,
  3;53,61,62;,
  3;32,20,63;,
  3;20,32,29;,
  3;64,66,65;,
  3;66,64,19;,
  3;13,67,12;,
  3;67,13,68;,
  3;68,69,67;,
  3;69,68,70;,
  3;70,41,69;,
  3;41,70,36;,
  3;48,34,51;,
  3;34,48,33;,
  3;51,43,60;,
  3;43,51,34;,
  3;43,55,60;,
  3;55,43,39;,
  3;39,54,55;,
  3;54,39,40;,
  3;12,63,17;,
  3;63,12,67;,
  3;67,32,63;,
  3;32,67,69;,
  3;69,41,32;,
  3;71,72,25;,
  3;73,75,74;,
  3;75,73,76;,
  3;75,77,74;,
  3;77,75,78;,
  3;79,78,80;,
  3;78,79,77;,
  3;81,83,82;,
  3;83,85,84;,
  3;85,83,86;,
  3;87,89,88;,
  3;89,90,88;,
  3;90,89,91;,
  3;92,94,93;,
  3;92,88,94;,
  3;92,87,88;,
  3;88,95,94;,
  3;95,88,90;,
  3;96,94,83;,
  3;94,86,83;,
  3;86,94,95;,
  3;97,99,98;,
  3;99,97,100;,
  3;100,101,99;,
  3;101,100,102;,
  3;103,105,104;,
  3;105,103,106;,
  3;106,107,105;,
  3;107,106,108;,
  3;104,110,109;,
  3;110,104,105;,
  3;105,111,110;,
  3;111,105,107;,
  3;109,100,97;,
  3;100,109,110;,
  3;110,102,100;,
  3;102,110,111;,
  3;112,114,113;,
  3;114,112,115;,
  3;116,118,117;,
  3;118,116,119;,
  3;120,122,121;,
  3;122,120,123;,
  3;120,125,124;,
  3;125,120,121;,
  3;126,125,127;,
  3;125,126,124;,
  3;95,97,86;,
  3;97,95,109;,
  3;86,98,85;,
  3;98,86,97;,
  3;90,103,104;,
  3;103,90,91;,
  3;104,95,90;,
  3;95,104,109;,
  3;128,96,129;,
  3;96,128,93;,
  3;129,130,128;,
  3;130,129,131;,
  3;72,28,25;,
  3;28,72,132;,
  3;9,133,8;,
  3;134,136,135;,
  3;136,134,137;,
  3;81,137,134;,
  3;138,11,139;,
  3;138,10,11;,
  3;138,140,10;,
  3;141,11,142;,
  3;11,141,139;,
  3;128,130,143;,
  3;93,144,92;,
  3;93,143,144;,
  3;93,128,143;,
  3;145,87,146;,
  3;87,145,147;,
  3;74,148,73;,
  3;148,74,149;,
  3;150,147,145;,
  3;7,149,74;,
  3;148,151,73;,
  3;102,152,101;,
  3;152,102,126;,
  3;102,124,126;,
  3;124,102,111;,
  3;111,120,124;,
  3;120,111,107;,
  3;120,108,123;,
  3;108,120,107;,
  3;8,154,153;,
  3;154,8,133;,
  3;153,155,8;,
  3;155,153,156;,
  3;121,113,114;,
  3;113,121,122;,
  3;122,112,113;,
  3;112,122,157;,
  3;158,125,159;,
  3;125,158,127;,
  3;159,121,114;,
  3;121,159,125;,
  3;126,160,152;,
  3;160,126,161;,
  3;162,122,123;,
  3;122,162,163;,
  3;122,164,157;,
  3;164,122,163;,
  3;165,126,127;,
  3;126,165,161;,
  3;161,166,160;,
  3;166,161,167;,
  3;162,117,163;,
  3;117,162,116;,
  3;163,118,164;,
  3;118,163,117;,
  3;165,167,161;,
  3;167,165,168;,
  3;169,171,170;,
  3;171,169,172;,
  3;173,175,174;,
  3;175,173,176;,
  3;177,179,178;,
  3;179,177,173;,
  3;180,179,181;,
  3;179,180,182;,
  3;183,169,170;,
  3;169,183,184;,
  3;175,186,185;,
  3;186,175,176;,
  3;45,187,44;,
  3;187,45,188;,
  3;180,169,182;,
  3;169,180,172;,
  3;19,29,66;,
  3;20,29,19;,
  3;29,30,189;,
  3;30,190,189;,
  3;190,30,33;,
  3;33,191,190;,
  3;191,33,48;,
  3;191,49,192;,
  3;49,191,48;,
  3;192,52,193;,
  3;52,192,49;,
  3;194,170,186;,
  3;170,194,183;,
  3;170,185,186;,
  3;185,170,171;,
  3;186,176,194;,
  3;194,173,177;,
  3;173,194,176;,
  3;179,174,181;,
  3;174,179,173;,
  3;178,182,184;,
  3;182,178,179;,
  3;182,169,184;,
  3;16,17,20;,
  3;17,63,20;,
  3;66,195,65;,
  3;196,198,197;,
  3;198,196,199;,
  3;200,153,154;,
  3;153,200,201;,
  3;202,204,203;,
  3;205,207,206;,
  3;196,209,208;,
  3;209,196,197;,
  3;210,208,211;,
  3;208,210,196;,
  3;212,214,213;,
  3;214,212,215;,
  3;212,213,211;,
  3;201,217,216;,
  3;217,201,200;,
  3;218,220,219;,
  3;220,218,216;,
  3;210,199,196;,
  3;214,205,206;,
  3;221,223,222;,
  3;197,198,224;,
  3;224,226,225;,
  3;226,224,198;,
  3;227,214,206;,
  3;228,229,213;,
  3;229,228,230;,
  3;219,232,231;,
  3;214,228,213;,
  3;156,201,233;,
  3;201,156,153;,
  3;233,216,218;,
  3;216,233,201;,
  3;220,216,234;,
  3;235,220,234;,
  3;236,238,237;,
  3;238,236,239;,
  3;208,240,211;,
  3;240,208,241;,
  3;211,242,212;,
  3;242,211,240;,
  3;243,239,244;,
  3;239,243,238;,
  3;244,236,245;,
  3;236,244,239;,
  3;246,221,222;,
  3;221,246,215;,
  3;221,212,247;,
  3;212,221,215;,
  3;199,248,1;,
  3;248,199,249;,
  3;133,9,250;,
  3;249,210,251;,
  3;210,249,199;,
  3;210,211,251;,
  3;252,2,253;,
  3;2,252,1;,
  3;19,254,18;,
  3;254,19,64;,
  3;23,68,13;,
  3;68,23,255;,
  3;68,256,70;,
  3;256,68,255;,
  3;256,36,70;,
  3;36,256,257;,
  3;258,1,252;,
  3;1,258,199;,
  3;257,259,36;,
  3;36,259,35;,
  3;260,203,261;,
  3;203,260,202;,
  3;262,263,222;,
  3;263,262,264;,
  3;198,258,226;,
  3;258,198,199;,
  3;265,204,227;,
  3;265,206,266;,
  3;206,265,227;,
  3;222,267,246;,
  3;267,222,263;,
  3;89,87,147;,
  3;82,83,84;,
  3;78,16,18;,
  3;16,78,75;,
  3;75,15,16;,
  3;15,75,76;,
  3;15,71,14;,
  3;71,15,76;,
  3;14,268,24;,
  3;268,14,71;,
  3;248,269,1;,
  3;1,269,0;,
  3;135,129,134;,
  3;129,135,131;,
  3;134,96,81;,
  3;96,134,129;,
  3;96,83,81;,
  3;94,96,93;,
  3;29,189,66;,
  3;205,215,246;,
  3;267,205,246;,
  3;205,267,207;,
  3;205,214,215;,
  3;187,188,270;,
  3;224,272,271;,
  3;223,221,209;,
  3;224,223,197;,
  3;271,273,262;,
  3;273,271,272;,
  3;263,275,274;,
  3;273,276,262;,
  3;277,272,278;,
  3;272,277,273;,
  3;223,271,262;,
  3;271,223,224;,
  3;223,209,197;,
  3;208,221,247;,
  3;221,208,209;,
  3;222,223,262;,
  3;266,207,279;,
  3;207,266,206;,
  3;207,280,279;,
  3;280,207,267;,
  3;280,263,274;,
  3;263,280,267;,
  3;264,262,276;,
  3;76,73,72;,
  3;138,281,140;,
  3;73,132,72;,
  3;132,73,151;,
  3;72,71,76;,
  3;272,225,278;,
  3;155,11,8;,
  3;276,277,282;,
  3;277,276,273;,
  3;275,276,282;,
  3;276,275,264;,
  3;28,141,27;,
  3;141,28,139;,
  3;139,132,138;,
  3;132,139,28;,
  3;132,281,138;,
  3;281,132,151;,
  3;281,148,283;,
  3;148,281,151;,
  3;283,149,284;,
  3;149,283,148;,
  3;7,284,149;,
  3;284,7,4;,
  3;6,79,22;,
  3;79,6,77;,
  3;77,7,74;,
  3;7,77,6;,
  3;5,3,4;,
  3;3,5,2;,
  3;285,137,82;,
  3;137,285,136;,
  3;137,81,82;,
  3;92,146,87;,
  3;146,92,144;,
  3;2,21,253;,
  3;21,2,5;,
  3;286,213,229;,
  3;251,211,286;,
  3;213,286,211;,
  3;234,216,217;,
  3;227,202,228;,
  3;202,230,228;,
  3;230,202,260;,
  3;232,220,235;,
  3;228,214,227;,
  3;26,71,25;,
  3;71,26,268;,
  3;155,142,11;,
  3;18,80,78;,
  3;80,18,254;,
  3;272,224,225;,
  3;275,263,264;,
  3;202,227,204;,
  3;232,219,220;,
  3;287,289,288;,
  3;289,287,290;,
  3;291,288,292;,
  3;288,291,287;,
  3;293,292,294;,
  3;292,293,291;,
  3;295,294,296;,
  3;294,295,293;,
  3;296,297,295;,
  3;298,290,299;,
  3;290,298,289;,
  3;300,302,301;,
  3;302,300,303;,
  3;304,300,305;,
  3;300,304,303;,
  3;306,305,307;,
  3;305,306,304;,
  3;308,306,307;,
  3;306,308,309;,
  3;308,310,309;,
  3;145,146,311;,
  3;312,314,313;,
  3;314,312,315;,
  3;316,318,317;,
  3;318,316,319;,
  3;320,322,321;,
  3;322,320,323;,
  3;324,326,325;,
  3;326,324,327;,
  3;328,324,325;,
  3;324,328,329;,
  3;330,331,328;,
  3;331,330,332;,
  3;319,22,318;,
  3;22,319,21;,
  3;327,333,326;,
  3;333,327,334;,
  3;335,337,336;,
  3;337,335,338;,
  3;339,341,340;,
  3;341,339,342;,
  3;341,344,343;,
  3;344,341,342;,
  3;345,347,346;,
  3;347,345,348;,
  3;346,350,349;,
  3;350,346,347;,
  3;348,351,347;,
  3;351,348,352;,
  3;347,353,350;,
  3;353,347,351;,
  3;352,341,351;,
  3;341,352,340;,
  3;351,343,353;,
